"lake_size" "phosphorous" "country" "weight_trawl" "num_species"
33.6 0.265 "Cambodia" 65.2 5
74.6 1.029 "Cambodia" 80.48 8
43.5 0.382 "Cambodia" 68.21 2
82.4 0.922 "Thailand" 88.1 18
87.1 1.073 "Cambodia" 92.55 19
13.7 0.84 "Loas" 38.28 5
53.3 0.617 "Cambodia" 72.71 9
83.2 1.078 "Loas" 68.46 13
55.2 0.763 "Thailand" 77.64 17
47.4 0.423 "Cambodia" 68.77 5
88.5 0.736 "Thailand" 85.19 21
47.2 0.211 "Loas" 65.2 4
65.6 0.461 "Loas" 61.73 12
57 0.876 "Loas" 61.52 14
18.4 0.13 "Loas" 48.53 5
83.8 0.396 "Cambodia" 93 17
30.2 0.991 "Loas" 44.81 4
13.4 1.104 "Thailand" 61.33 6
36.9 1.188 "Thailand" 61.82 4
88.3 0.202 "Loas" 71.2 26
82.9 0.238 "Loas" 79 21
66.8 1.425 "Thailand" 82.55 11
62.5 1.403 "Thailand" 81.35 5
91.5 1.39 "Loas" 72.11 21
63.8 1.01 "Cambodia" 76.79 4
68.1 0.319 "Thailand" 95.97 8
54.6 1.374 "Cambodia" 71.98 6
58.7 1.391 "Loas" 65.12 14
33.7 0.337 "Loas" 50.33 7
22.1 0.203 "Thailand" 57.95 7
89 0.893 "Thailand" 80.88 18
84 0.612 "Loas" 69.48 24
66.6 0.744 "Cambodia" 72.6 9
75.2 0.751 "Cambodia" 79.52 10
12 1.19 "Thailand" 55.36 1
49.2 1.253 "Loas" 59.46 13
72.2 0.495 "Thailand" 84.34 4
27.7 1.122 "Loas" 41.98 6
36.1 0.794 "Loas" 53.05 6
29 0.193 "Cambodia" 58.91 8
21.7 0.153 "Thailand" 59.54 7
44 0.433 "Loas" 54.7 6
43.9 0.406 "Cambodia" 79.34 4
40.2 0.691 "Thailand" 72.61 4
22.5 0.87 "Thailand" 54.49 5
21.4 1.099 "Loas" 45.57 5
29.1 0.436 "Cambodia" 59.44 7
48.2 1.354 "Loas" 53.74 15
31.8 0.776 "Loas" 51.62 9
80.3 0.468 "Cambodia" 76.85 11
13.8 0.548 "Cambodia" 56.75 1
46.3 1.03 "Thailand" 67.38 5
75.5 1.119 "Thailand" 81.04 10
20 0.9 "Loas" 33.23 6
56 1.33 "Cambodia" 74.63 12
26.9 0.673 "Loas" 41.78 6
20.5 0.388 "Cambodia" 67.41 8
71.8 0.759 "Thailand" 85.07 16
83.4 0.631 "Thailand" 85.03 8
40.7 0.447 "Cambodia" 71.18 6
64.5 1.395 "Loas" 63.42 10
17.8 0.753 "Cambodia" 62.18 1
41.5 0.12 "Thailand" 76.66 5
32.5 1.421 "Loas" 41.85 4
76.8 0.624 "Thailand" 88.38 15
46.8 0.111 "Thailand" 68.57 12
76.4 1.473 "Loas" 69.64 20
76.6 0.629 "Loas" 76.44 8
75.1 1.48 "Loas" 74.18 19
46.1 0.295 "Cambodia" 66.95 6
71.9 0.887 "Thailand" 80.3 9
61.6 1.212 "Cambodia" 67.82 7
68.2 0.371 "Thailand" 86.45 12
10.1 1.095 "Loas" 40.3 5
49 0.892 "Cambodia" 74.89 7
28 0.114 "Loas" 50.12 8
41.1 0.46 "Thailand" 70.75 9
60.2 0.759 "Cambodia" 75.72 14
38.8 1.398 "Loas" 46.51 6
19.1 1.493 "Thailand" 53.43 5
30 0.394 "Loas" 60.38 7
64.8 0.863 "Loas" 66.23 7
44.2 1.004 "Thailand" 67.47 2
74.6 1.362 "Cambodia" 84.76 17
18.4 1.125 "Cambodia" 53.64 3
45.7 0.954 "Loas" 61.44 7
90.8 0.414 "Loas" 83.41 27
83.2 1.383 "Loas" 62.64 21
82.7 1.224 "Cambodia" 84.73 20
24.4 0.537 "Thailand" 53.41 2
20.7 0.418 "Loas" 44.11 5
63.6 1.021 "Cambodia" 78.63 11
38.2 1.13 "Cambodia" 69.77 5
63.9 0.751 "Thailand" 73.83 8
36.3 1.309 "Thailand" 57.89 15
25.4 1.045 "Cambodia" 58.19 5
74.1 0.326 "Loas" 63.05 16
17.7 0.117 "Thailand" 62.75 3
48.3 1.312 "Cambodia" 68.05 4
51.9 0.241 "Loas" 53.41 8
59.2 0.537 "Loas" 61.14 17
37.3 0.708 "Cambodia" 69.95 4
50.1 0.962 "Cambodia" 78.41 9
88.3 0.575 "Thailand" 99.17 15
49.6 0.912 "Loas" 59.03 4
83 1.262 "Loas" 74.81 12
85 0.568 "Thailand" 93.73 13
59.9 0.635 "Thailand" 88.2 14
43.7 0.948 "Cambodia" 63.63 10
22.1 0.794 "Cambodia" 61.05 5
86.7 0.253 "Thailand" 90.78 16
34.7 1.284 "Cambodia" 69.63 6
15 0.724 "Thailand" 64.14 4
87.7 1.151 "Loas" 66.31 17
69.1 1.214 "Thailand" 72.64 13
21.7 0.647 "Thailand" 56.17 1
55 0.121 "Loas" 61.98 9
88.2 1.141 "Cambodia" 86.98 18
58 0.196 "Cambodia" 76.7 8
43.2 0.845 "Thailand" 65.55 8
63.1 0.272 "Loas" 76.11 13
36.2 1.046 "Cambodia" 60.68 7
35.2 0.178 "Thailand" 65.93 5
28 1.217 "Cambodia" 59.42 6
40.3 1.028 "Cambodia" 73.18 5
90.7 0.442 "Loas" 76.34 18
22.6 0.325 "Cambodia" 53.99 2
17.5 0.181 "Thailand" 63.84 3
21.6 0.121 "Loas" 52.22 5
66.6 1.267 "Cambodia" 70.74 9
60.8 0.467 "Thailand" 77.55 6
83.1 0.178 "Cambodia" 90.52 11
65.2 0.587 "Loas" 65.63 16
70.4 0.912 "Cambodia" 80.35 10
52.7 1.226 "Loas" 53.3 12
64.1 0.576 "Loas" 70.69 12
77.4 0.289 "Cambodia" 86.23 14
74.5 1.183 "Cambodia" 83.55 6
90.3 1.328 "Loas" 72.42 18
46 1.483 "Cambodia" 73.24 6
35.6 1.017 "Cambodia" 61.75 2
43.6 0.456 "Cambodia" 71.64 7
10.9 0.998 "Cambodia" 57.52 2
25.1 0.731 "Thailand" 58.33 5
79.1 0.376 "Loas" 64.5 25
29 0.949 "Cambodia" 61.84 4
29.6 1.464 "Loas" 39.07 4
16.3 0.379 "Cambodia" 65.18 3
30.1 0.709 "Cambodia" 66.46 3
70 0.575 "Loas" 67.37 21
79.5 0.148 "Cambodia" 88.43 10
50.8 0.239 "Loas" 62.91 11
41.8 0.687 "Loas" 60.63 8
30.2 0.166 "Cambodia" 65.31 6
19.1 0.137 "Cambodia" 62.94 2
42 0.343 "Loas" 55.5 6
56.9 0.629 "Cambodia" 83.15 11
27.8 0.924 "Thailand" 72.67 3
46.5 0.571 "Loas" 51.27 10
27.9 0.792 "Loas" 40.44 6
51.2 1.153 "Cambodia" 61.18 3
39 0.337 "Loas" 54.96 6
63.3 1.281 "Thailand" 74.21 8
40.7 0.548 "Cambodia" 74.25 9
39.1 0.427 "Thailand" 58.35 5
53.8 0.534 "Thailand" 76.27 10
70.7 1.206 "Thailand" 83.78 10
28.1 0.456 "Loas" 40.44 6
43.8 1.392 "Loas" 41.92 8
31.8 0.308 "Cambodia" 66.34 6
61.7 0.403 "Cambodia" 72.03 8
25.1 0.977 "Thailand" 54.07 7
80.8 0.46 "Loas" 71.33 18
71.2 1.09 "Thailand" 85.35 16
64.8 1.139 "Loas" 56.97 16
60.7 0.467 "Cambodia" 74.27 13
40.5 0.902 "Cambodia" 60.02 7
53.4 1.382 "Thailand" 70.92 8
81.7 1.092 "Loas" 68.36 16
57.7 1.282 "Cambodia" 82.46 11
78.9 1.388 "Loas" 71.01 14
35.6 0.512 "Thailand" 75.82 6
68.1 1.011 "Thailand" 79.21 6
31.7 0.298 "Loas" 53.72 2
58.7 1.295 "Loas" 59.8 11
49.5 1.032 "Thailand" 68.87 16
31.7 1.127 "Thailand" 69.95 0
56.3 0.541 "Loas" 68.26 9
84.9 1.035 "Cambodia" 86.68 13
84 0.749 "Thailand" 83.18 18
32.5 1.01 "Cambodia" 64.14 6
36.4 1.2 "Thailand" 73.37 9
90.8 1.362 "Loas" 81.82 18
60.8 0.838 "Cambodia" 67.37 11
86.9 0.321 "Cambodia" 81.85 14
48.3 0.477 "Loas" 58.58 10
43.4 0.288 "Cambodia" 76.08 9
64.1 0.433 "Cambodia" 79.94 12
22.5 1.112 "Thailand" 54.97 3
57 0.978 "Cambodia" 83.56 7
29.6 0.733 "Cambodia" 72.19 3
88.9 0.988 "Loas" 77.15 22
59.3 0.841 "Cambodia" 76.16 3
52.2 0.562 "Thailand" 75.88 5
43 1.179 "Loas" 51.31 5
82.2 0.989 "Cambodia" 83.74 15
39.9 1.184 "Loas" 43.49 6
33.6 0.35 "Loas" 48.54 9
24 0.655 "Cambodia" 63.36 9
24.1 1.448 "Thailand" 67.22 8
49.5 0.628 "Loas" 57.52 13
30.7 0.209 "Loas" 53.33 11
27.7 0.841 "Thailand" 64.86 6
65.3 1.43 "Loas" 65.75 23
13.9 1.299 "Thailand" 53.06 5
67.5 0.869 "Cambodia" 81.35 7
38.9 1.031 "Loas" 53.38 8
43.5 0.801 "Thailand" 68.31 7
77.3 1.394 "Loas" 64.22 19
85.3 0.229 "Cambodia" 88.48 16
33.2 0.796 "Loas" 54.72 8
88.8 1.195 "Thailand" 88.57 18
69.7 1.318 "Cambodia" 79.71 8
66.3 1.362 "Loas" 72 10
14.3 1.236 "Cambodia" 56.13 4
42.4 0.315 "Cambodia" 66.99 2
49.2 1.122 "Loas" 63 6
55.9 1.163 "Thailand" 75.72 9
67.3 1.025 "Loas" 67.03 17
85.1 1.371 "Loas" 77.5 29
60.7 0.646 "Cambodia" 78.38 6
45.1 1.44 "Cambodia" 68.01 9
54.5 0.739 "Loas" 61.55 10
14.8 0.373 "Cambodia" 54.56 1
31.4 0.927 "Cambodia" 60.88 7
42.6 0.318 "Thailand" 75.05 13
26.2 0.827 "Thailand" 64.23 5
78.2 0.678 "Thailand" 87.39 15
22.5 1.258 "Loas" 47.54 7
75.9 0.888 "Cambodia" 77.02 10
54.8 0.739 "Loas" 52.35 14
64.3 0.369 "Thailand" 80.36 13
24.1 0.761 "Cambodia" 58.76 5
61.9 0.426 "Loas" 69.73 8
35.6 0.54 "Cambodia" 64.12 2
69.4 1.314 "Loas" 58.33 12
42.7 0.723 "Cambodia" 70.29 12
89.5 0.707 "Cambodia" 88.06 18
89.3 0.762 "Thailand" 96.97 12
69.6 1.267 "Loas" 58.71 12
31.1 0.114 "Thailand" 55.12 4
28.2 0.533 "Cambodia" 61.52 7
58.6 0.221 "Cambodia" 75 4
31.9 1.252 "Thailand" 71.9 8
53.5 0.76 "Loas" 54.86 10
74.4 0.845 "Cambodia" 83.87 12
23.8 0.654 "Thailand" 61.49 6
43.2 0.736 "Loas" 58.05 14
48.7 0.261 "Loas" 56.17 7
81.2 0.144 "Thailand" 97.48 14
85.9 0.132 "Cambodia" 87.47 15
82.3 0.209 "Loas" 79.87 19
65.3 0.606 "Thailand" 82.94 6
87.9 1.166 "Thailand" 85 15
52.3 1.141 "Cambodia" 72.46 3
57.3 0.237 "Cambodia" 85.13 10
37.6 1.447 "Thailand" 61.2 2
38.5 0.3 "Cambodia" 65.04 6
11.6 0.779 "Cambodia" 58.82 4
51.2 0.891 "Cambodia" 70.83 11
81.4 1.405 "Thailand" 85.7 15
10.5 1.248 "Loas" 40.84 5
15.9 0.846 "Loas" 41.27 5
23.5 0.638 "Loas" 42.46 6
73.2 0.864 "Cambodia" 91.46 10
70.3 1.215 "Cambodia" 79.3 11
89.7 0.978 "Cambodia" 95.97 18
48.3 0.246 "Thailand" 76.54 12
16.1 0.369 "Loas" 39.8 4
63.2 1.279 "Cambodia" 90.56 15
72.2 0.771 "Thailand" 82.42 13
21.2 1.188 "Loas" 33.46 8
42.5 1.245 "Cambodia" 66.63 8
28.4 0.516 "Cambodia" 64.31 4
14.8 0.417 "Thailand" 61.22 7
42.5 0.969 "Loas" 56.87 7
15.3 0.623 "Cambodia" 52.98 2
28.5 1.34 "Loas" 55.86 2
14.5 0.276 "Thailand" 64.83 4
65 0.321 "Cambodia" 78.87 12
34.4 0.994 "Cambodia" 55.99 9
18.3 0.361 "Thailand" 54.24 2
15.9 1.03 "Cambodia" 57.79 3
82.2 0.817 "Loas" 70.49 15
71.8 1.138 "Thailand" 86.47 14
77 0.571 "Loas" 66.73 16
90.5 0.256 "Cambodia" 88.27 21
18.5 0.663 "Loas" 45.35 6
18.1 0.86 "Cambodia" 56.99 3
75.5 1.136 "Thailand" 82.65 9
74.3 0.342 "Thailand" 85.47 15
10.8 0.921 "Loas" 35.68 10
73.9 0.8 "Cambodia" 74.92 15
69.8 1.411 "Cambodia" 73.69 8
61.7 1.374 "Thailand" 80.3 4
49.4 0.314 "Thailand" 76.96 8
22.8 0.53 "Cambodia" 73.46 4
10.7 1.078 "Cambodia" 44.65 6
47.1 1.169 "Cambodia" 68.1 3
50.4 0.814 "Thailand" 72.55 8
41.9 0.417 "Cambodia" 72.54 8
48.1 0.332 "Thailand" 67.78 9
68.5 0.543 "Loas" 68.71 11
14.5 0.163 "Loas" 37.81 5
39.1 1.037 "Loas" 51.45 7
75.8 1.145 "Loas" 61.54 21
78.5 0.448 "Thailand" 83.4 10
29.5 0.754 "Thailand" 58.67 7
39 0.162 "Loas" 56.02 7
80.3 0.238 "Loas" 80.23 22
80 1.356 "Loas" 66.49 21
34.3 0.961 "Loas" 44.71 8
22.1 0.997 "Loas" 42.76 12
67.7 0.745 "Cambodia" 79.82 10
18.5 0.492 "Loas" 42.99 8
12.8 1.423 "Cambodia" 49.15 2
92 0.132 "Cambodia" 93.09 21
12.9 0.348 "Loas" 37.83 6
37.7 1.46 "Cambodia" 63.69 9
85 1.22 "Thailand" 89.02 18
60.6 1.5 "Thailand" 79.05 10
33.5 0.465 "Thailand" 66.35 3
70.5 0.915 "Thailand" 84.67 5
78.4 0.201 "Thailand" 83.85 11
35.8 1.223 "Thailand" 63.89 1
50.4 1.333 "Loas" 56.95 12
67.2 1.345 "Cambodia" 73.52 4
62.6 0.116 "Thailand" 77.18 5
62.8 0.438 "Thailand" 77.62 11
90.2 0.95 "Loas" 77.37 21
44 0.608 "Thailand" 58.94 6
19.8 1.093 "Loas" 48.29 2
53.1 0.159 "Cambodia" 77.7 10
28.5 1.02 "Thailand" 64.18 7
49.9 0.423 "Cambodia" 76.07 7
40.4 0.482 "Cambodia" 69.81 2
90.6 1.126 "Thailand" 79.26 13
41.8 0.35 "Cambodia" 70.1 5
28.8 0.64 "Cambodia" 62.22 8
61.1 1.058 "Loas" 53.33 8
21.2 0.681 "Cambodia" 62.5 5
89.3 0.859 "Thailand" 84.71 18
52.2 0.737 "Thailand" 72.17 4
23.4 0.278 "Loas" 37.89 7
61 0.144 "Loas" 62.52 11
90.8 0.332 "Thailand" 99.54 15
64.8 1.218 "Thailand" 78.56 11
44.4 0.299 "Loas" 54.65 13
36.5 0.204 "Cambodia" 74.21 3
78.5 0.14 "Thailand" 95.83 20
21.8 0.684 "Cambodia" 57.26 2
25.8 1.296 "Loas" 40.3 8
83.5 0.563 "Cambodia" 92.52 10
35.3 0.722 "Loas" 52.84 3
39.8 0.679 "Loas" 58.81 7
74.3 0.592 "Cambodia" 79.86 8
25.9 1.399 "Cambodia" 58.67 2
11.5 1.402 "Loas" 38.84 4
43.3 0.492 "Cambodia" 66.06 7
49.6 1.121 "Cambodia" 64.95 11
44.6 0.403 "Cambodia" 61.61 7
38.1 1.416 "Thailand" 64.57 4
81.1 0.19 "Thailand" 89.76 17
47.3 1.484 "Loas" 51.96 12
53.8 0.394 "Loas" 60.32 11
89 0.546 "Cambodia" 85.2 14
73.5 0.27 "Thailand" 89.89 9
27.1 0.918 "Cambodia" 61.65 5
35.3 1.022 "Loas" 46.58 4
89.7 1.495 "Thailand" 88.26 8
58 0.372 "Thailand" 81.84 14
72.4 1.243 "Cambodia" 80.59 11
40.6 0.967 "Thailand" 77.94 3
73.1 1.48 "Loas" 72.19 16
54.1 0.719 "Cambodia" 71.17 3
84.9 1.114 "Cambodia" 83.76 18
25.2 0.206 "Cambodia" 65.21 6
33.1 0.982 "Thailand" 63.61 6
17.8 0.4 "Cambodia" 61.05 3
27.3 1.387 "Cambodia" 54.6 3
90.1 1.237 "Cambodia" 91.81 26
34.3 1.299 "Cambodia" 62.93 5
69.5 1.243 "Cambodia" 85.93 14
74.4 0.684 "Cambodia" 86.42 11
18.6 1.469 "Cambodia" 53.19 4
29.6 0.799 "Thailand" 60.88 7
32.2 0.798 "Thailand" 64.66 6
18.3 0.581 "Cambodia" 54.27 6
19.7 0.194 "Thailand" 60.42 5
91.3 1.37 "Cambodia" 84.54 16
90.9 0.41 "Loas" 77.1 21
21.2 0.517 "Thailand" 63.69 2
84.2 1.022 "Loas" 73.72 18
57.3 0.893 "Cambodia" 82.01 11
42.4 1.46 "Cambodia" 66.92 8
46.9 0.247 "Cambodia" 77.64 6
67.9 0.861 "Thailand" 82.99 9
16.8 1.382 "Cambodia" 51.42 5
37.8 1.322 "Cambodia" 69.26 8
65.8 1.366 "Cambodia" 83.42 10
36 1.19 "Thailand" 59.55 7
78.2 0.334 "Cambodia" 89.31 8
27.6 0.27 "Thailand" 70.47 7
50.8 0.266 "Loas" 60.45 10
32.6 0.705 "Cambodia" 67.63 6
25.7 1.188 "Cambodia" 66.08 10
88 1.366 "Loas" 75.88 16
36.4 0.697 "Loas" 42.57 4
49.2 1.233 "Cambodia" 69.97 7
12.3 0.756 "Cambodia" 58 2
54.9 1.05 "Cambodia" 69.23 5
62.8 1.162 "Cambodia" 76.33 4
58.9 1.057 "Cambodia" 74.05 9
36.4 1.287 "Cambodia" 52.65 5
83.1 0.536 "Cambodia" 93.96 18
61.4 0.356 "Thailand" 74.67 9
34.8 0.231 "Thailand" 59.98 8
41.8 0.121 "Thailand" 66.96 3
23.2 1.363 "Thailand" 54.83 5
80.7 1.214 "Cambodia" 88.15 17
88.2 0.209 "Cambodia" 85.63 15
56.2 0.242 "Thailand" 71.79 9
37 0.343 "Thailand" 64.75 7
91.7 0.84 "Cambodia" 93.54 25
29.3 1.129 "Cambodia" 66.5 7
60.2 0.266 "Cambodia" 76.68 10
18.9 0.245 "Loas" 45.26 3
49.9 0.873 "Thailand" 78.02 8
18.2 0.507 "Cambodia" 43.74 6
23.2 0.717 "Cambodia" 58.32 9
33.2 0.266 "Cambodia" 69.85 2
57.9 1.39 "Cambodia" 73.84 6
70 1.126 "Cambodia" 85.37 20
23.6 0.746 "Loas" 43.61 10
81.1 1.041 "Thailand" 91.68 12
68.1 0.504 "Cambodia" 83.35 5
72.4 1.029 "Thailand" 81.3 16
22.1 0.625 "Loas" 44.63 3
39.4 1.039 "Thailand" 64.33 4
65.2 0.678 "Cambodia" 87.55 17
53 1.096 "Thailand" 79.38 12
38.7 0.494 "Loas" 55.25 8
29.7 1.134 "Cambodia" 59.57 7
14.8 0.905 "Loas" 36.87 2
29.4 0.134 "Loas" 44.91 5
83 0.608 "Thailand" 86.58 12
76.6 0.717 "Loas" 69.89 17
71.3 0.665 "Loas" 70.54 19
22.7 0.863 "Cambodia" 69.18 3
20.2 1.308 "Cambodia" 59.98 3
89.9 1.172 "Cambodia" 88.2 19
45.8 0.192 "Thailand" 77.96 4
48 0.265 "Loas" 51.39 7
23.6 0.534 "Thailand" 55.12 3
58 0.532 "Cambodia" 71.52 9
32.2 1.125 "Cambodia" 62.62 5
28.9 0.298 "Thailand" 54.37 3
66.7 1.469 "Loas" 71.06 18
33.2 1.297 "Cambodia" 66.36 6
76.5 0.917 "Loas" 75.95 19
17.7 1.359 "Cambodia" 54.59 4
77.4 0.113 "Loas" 78.64 12
45 1.198 "Loas" 55.58 7
72 1.371 "Cambodia" 86.96 12
64.3 0.255 "Cambodia" 77.95 11
46.5 0.752 "Loas" 52.79 9
61.4 1.044 "Cambodia" 80.06 8
10 0.752 "Loas" 32.29 4
27.8 1.325 "Thailand" 69.56 3
67.8 0.662 "Loas" 68.09 15
27.6 0.893 "Cambodia" 64.6 7
76.7 1.015 "Thailand" 86.82 13
35.2 0.5 "Loas" 59.82 6
66.4 1.349 "Thailand" 76.66 16
86.5 0.294 "Loas" 76.72 18
19.5 0.88 "Cambodia" 57.78 1
20.5 0.454 "Cambodia" 57.95 3
65.6 0.203 "Thailand" 82.57 9
45.2 1.168 "Loas" 51.84 15
78.4 0.949 "Thailand" 90.75 18
89.7 0.566 "Thailand" 92.29 18
15.8 1.374 "Thailand" 53.51 0
47.7 0.926 "Thailand" 71.27 7
67.5 1.425 "Loas" 59.85 15
17.1 1.363 "Cambodia" 56.9 8
91.4 0.642 "Loas" 76.9 20
30.8 1.106 "Thailand" 63.15 6
14.1 1.258 "Loas" 38.73 7
66.3 1.379 "Cambodia" 80.83 10
74.5 0.283 "Cambodia" 88.49 7
39 0.162 "Cambodia" 70.5 6
40 1.484 "Thailand" 69.77 7
33.5 0.645 "Loas" 46.7 4
16.6 1.095 "Loas" 37.87 8
40 0.836 "Loas" 54.55 8
24.6 0.642 "Cambodia" 55.7 6
54 1.106 "Cambodia" 79.52 6
51.3 1.332 "Cambodia" 70.62 11
87.5 0.27 "Loas" 77.54 14
38 0.614 "Thailand" 62.72 7
48.1 1.206 "Loas" 60.68 13
16.8 0.402 "Thailand" 59.13 3
80.5 0.969 "Loas" 74.16 13
42.4 0.629 "Thailand" 66.93 6
70.3 0.946 "Cambodia" 78.68 3
24.1 0.89 "Loas" 41.23 7
47.3 1.072 "Loas" 63.95 10
73.2 1.24 "Loas" 67.43 10
15.1 0.735 "Loas" 50.76 7
76.8 0.618 "Loas" 71.81 20
34.7 1.252 "Thailand" 66.31 8
39.9 0.818 "Cambodia" 63.66 7
35.6 1.138 "Cambodia" 70.2 8
13.1 1.289 "Loas" 35.83 4
52.5 0.716 "Cambodia" 76.67 6
65.7 0.668 "Cambodia" 74.37 8
84.1 1.291 "Cambodia" 91.35 18
12.1 1.118 "Loas" 39.87 6
91.1 0.961 "Cambodia" 81.27 27
34.8 1.08 "Cambodia" 60.12 8
87 1.147 "Loas" 69.93 22
66.4 0.467 "Cambodia" 86.31 9
46.7 0.487 "Cambodia" 74.68 5
77 0.379 "Thailand" 83.29 9
13.2 1.42 "Loas" 36.3 5
70.6 0.48 "Loas" 72.77 23
38.6 0.798 "Cambodia" 58.88 6
78 0.151 "Cambodia" 88.69 19
53.9 1.222 "Loas" 59.7 16
32.5 0.667 "Thailand" 66.39 4
75.7 0.744 "Thailand" 80.26 16
17.5 1.404 "Loas" 36.24 5
78.2 0.646 "Thailand" 89.39 11
32.7 1.144 "Thailand" 63.81 7
71.8 1.197 "Cambodia" 86.42 3
89.1 0.39 "Cambodia" 98.22 17
16.7 0.179 "Thailand" 58.52 4
80.1 0.564 "Thailand" 97.3 15
75.8 1.057 "Thailand" 85.49 13
41.6 1.175 "Thailand" 69.08 6
36.9 1.014 "Loas" 52.54 8
26.8 1.407 "Loas" 38.48 6
56.7 0.105 "Cambodia" 78.73 10
82.8 0.63 "Cambodia" 87.92 25
53.4 1.001 "Thailand" 74.71 9
58.1 0.239 "Thailand" 78.27 5
64.6 0.121 "Thailand" 79.89 10
53.5 0.308 "Cambodia" 69.95 6
51.8 1.143 "Cambodia" 67.63 10
11.3 1.294 "Cambodia" 41.17 1
13.9 0.555 "Cambodia" 56.68 2
86.2 0.473 "Thailand" 90.9 20
73.1 0.441 "Thailand" 88.42 15
26.5 1.439 "Loas" 45.32 2
63.3 0.796 "Cambodia" 75.96 8
63.6 1.072 "Cambodia" 75.67 11
42.4 1.381 "Loas" 45.56 11
76.6 0.952 "Cambodia" 81.58 10
54.9 0.468 "Cambodia" 88.25 4
82.6 1.387 "Cambodia" 90.49 9
55.4 1.096 "Loas" 53.21 13
84.3 0.161 "Thailand" 80.6 22
58.2 0.987 "Thailand" 73.07 14
44.7 1.294 "Cambodia" 70.91 9
87.9 0.267 "Loas" 79.56 30
68.1 1.433 "Loas" 61.66 18
43.9 0.157 "Cambodia" 68.06 8
11.5 0.339 "Thailand" 56.14 4
56.5 0.132 "Loas" 65.56 10
50.2 0.646 "Thailand" 87.71 9
82.1 1.093 "Cambodia" 86.75 11
76.7 1.018 "Thailand" 83.88 5
80 0.781 "Thailand" 89.74 20
40.2 0.213 "Thailand" 66.2 4
81.7 1.455 "Thailand" 91.08 16
22.4 0.884 "Thailand" 52.1 1
33.1 1.104 "Loas" 48.94 9
64.7 0.497 "Loas" 56.16 20
90.1 1.223 "Cambodia" 94.24 13
57.8 0.981 "Loas" 59.83 11
53.2 1.373 "Loas" 65.16 14
15 0.655 "Loas" 35.19 4
89.5 0.532 "Cambodia" 87.09 14
19.9 1.124 "Loas" 48.2 7
17.2 1.073 "Thailand" 56.01 4
82.2 0.709 "Thailand" 80.2 16
51.7 1.231 "Cambodia" 75.67 11
37.7 0.528 "Loas" 48.11 14
83.3 1.38 "Thailand" 89.54 16
12.6 0.982 "Loas" 43.61 4
29.5 1.188 "Thailand" 61.03 2
66.3 1.104 "Cambodia" 82.83 15
28.5 1.028 "Loas" 54.21 5
36.1 1.084 "Thailand" 61.9 6
24.3 0.37 "Loas" 41.61 6
75.7 0.937 "Thailand" 88.13 20
22 1.174 "Cambodia" 58.38 3
77.5 0.431 "Thailand" 88.53 19
37.1 1.068 "Loas" 52.52 5
40.7 0.229 "Thailand" 70.72 3
61.6 1.132 "Loas" 65.08 14
17.9 1.423 "Cambodia" 48.56 2
11.8 1.03 "Loas" 39.99 5
91.4 1.034 "Thailand" 102.48 22
57.9 0.688 "Thailand" 76.84 6
74.1 0.293 "Loas" 69.09 13
83.1 0.757 "Thailand" 91.96 12
71.9 0.231 "Thailand" 91.69 11
90.3 1.156 "Loas" 76.47 23
13.6 0.613 "Thailand" 57.63 3
84.1 0.895 "Thailand" 87.08 16
81 0.636 "Loas" 70.3 19
73.6 0.385 "Cambodia" 83.27 13
40.9 0.849 "Loas" 59.56 8
13.5 0.64 "Cambodia" 62.53 3
39.9 1.307 "Thailand" 60.36 4
32.4 0.231 "Cambodia" 66.46 5
79.7 0.189 "Cambodia" 91.52 15
39.7 0.333 "Thailand" 61.77 6
35 1.41 "Thailand" 64.51 4
72.2 0.72 "Thailand" 81.86 15
79.3 1.044 "Loas" 62.5 17
47.5 0.151 "Thailand" 76.94 4
69.8 0.756 "Loas" 65.02 19
18.5 0.164 "Thailand" 51.27 3
28 0.968 "Cambodia" 71.75 4
88.2 1.311 "Thailand" 94.19 19
71.7 0.374 "Loas" 75.56 18
77.2 0.495 "Loas" 72.84 24
44.3 1.311 "Cambodia" 56.2 5
58.7 0.145 "Cambodia" 75.69 13
75.5 1.195 "Cambodia" 76.83 15
82.8 0.737 "Cambodia" 86.8 24
41.6 0.212 "Loas" 56.54 3
17.4 1.369 "Loas" 42.24 8
61.3 0.365 "Loas" 64.91 15
71.1 1.145 "Thailand" 75 15
17 0.704 "Cambodia" 59.28 5
34.6 1.039 "Cambodia" 60.4 5
60.4 0.362 "Loas" 53.58 14
71.7 1.334 "Loas" 59.89 12
85.2 0.168 "Cambodia" 96.05 10
49 0.408 "Loas" 59.73 5
56.5 0.467 "Cambodia" 72.91 15
70.4 1.174 "Cambodia" 63 12
80.3 0.64 "Loas" 76.24 18
84.6 0.49 "Cambodia" 93.64 14
14.6 0.209 "Thailand" 55.77 4
51.2 0.8 "Thailand" 69.45 11
38.7 0.732 "Thailand" 60.06 5
79.3 1.481 "Thailand" 82.35 9
76.1 0.299 "Loas" 70.3 18
19.6 1.267 "Loas" 36.33 5
68.4 0.141 "Cambodia" 78.51 16
29.3 1.19 "Thailand" 66.41 2
16.1 0.42 "Loas" 39.18 3
86.7 0.287 "Loas" 79.22 27
22.9 0.367 "Loas" 46.64 6
63.1 0.402 "Loas" 67.52 14
24.2 1.408 "Loas" 40.43 8
11.6 1.484 "Cambodia" 54.24 6
52.7 0.534 "Thailand" 75.49 6
17.1 0.292 "Thailand" 63.68 5
33.2 1.025 "Loas" 49.24 5
44.5 0.919 "Cambodia" 65.95 5
58.2 0.582 "Cambodia" 85.47 6
76.1 1.24 "Cambodia" 82.98 10
26.6 0.496 "Cambodia" 62.72 5
47.7 1.284 "Cambodia" 78.08 4
46.7 0.292 "Cambodia" 74.07 10
70.2 1.307 "Cambodia" 84.61 11
68.6 0.194 "Cambodia" 71.61 13
78.2 0.709 "Cambodia" 80.81 11
82.7 1.052 "Loas" 68.15 17
88.1 0.388 "Cambodia" 94.23 15
55.2 1.42 "Loas" 61.48 13
52.8 0.631 "Loas" 52.54 11
24 0.977 "Thailand" 63.1 5
49.3 0.357 "Cambodia" 90.86 5
30.8 1.023 "Thailand" 67.47 1
13.3 1.129 "Loas" 33.74 8
62.1 0.794 "Cambodia" 72.66 8
54.2 1.316 "Thailand" 69.99 9
21.5 1.265 "Thailand" 64.92 4
33.3 1.477 "Loas" 46.62 2
57.8 1.034 "Thailand" 74.19 12
23.5 1 "Cambodia" 64.13 7
17.9 0.163 "Cambodia" 67.06 4
45.1 0.367 "Loas" 52.67 8
39.2 0.146 "Thailand" 70.62 8
79.3 1.286 "Cambodia" 82.74 12
31.3 0.694 "Cambodia" 58.63 2
11.9 1.244 "Thailand" 57.39 1
80.7 0.312 "Thailand" 87.8 15
37.4 0.668 "Thailand" 69.72 5
61.8 1.112 "Thailand" 72.62 11
54.8 0.183 "Cambodia" 78.13 8
40.9 0.562 "Thailand" 58.12 3
25.2 1.187 "Cambodia" 53.44 11
45.2 1.277 "Loas" 58.82 3
61.7 1.319 "Cambodia" 73.56 10
52.7 1.434 "Loas" 56.74 11
64.1 0.638 "Cambodia" 74.28 11
69.8 1.431 "Cambodia" 72.45 7
49.9 1.086 "Thailand" 70.62 10
41.5 0.691 "Cambodia" 71.25 9
10.6 0.648 "Cambodia" 48.45 1
10.3 0.395 "Cambodia" 54.65 1
91.6 1.153 "Thailand" 100.05 24
18.8 0.723 "Cambodia" 56.19 5
44.3 0.735 "Cambodia" 69.52 7
68.9 0.217 "Cambodia" 83.31 15
70.9 0.611 "Loas" 69.59 18
81.5 1.353 "Thailand" 89.8 15
59.8 0.862 "Loas" 59.1 13
72 0.143 "Thailand" 89.19 15
79.5 0.644 "Thailand" 83.92 17
60.2 0.259 "Thailand" 80.1 10
75 0.488 "Loas" 74.69 14
11.9 1.107 "Thailand" 47.01 2
44.2 0.626 "Loas" 56.64 12
81.7 0.988 "Cambodia" 89.75 9
63.1 0.795 "Loas" 63.16 9
85.8 1.23 "Loas" 71.83 27
24.1 0.915 "Loas" 40.77 8
35.9 0.341 "Thailand" 73.12 7
75.9 1.412 "Loas" 62.58 15
91.1 0.175 "Thailand" 97.64 16
36.4 0.222 "Loas" 51.94 6
10.1 1.278 "Cambodia" 45.18 2
91.4 0.689 "Loas" 74.3 23
22.2 1.104 "Cambodia" 53.08 3
14 1.131 "Thailand" 55.89 5
59 1.482 "Thailand" 73.66 6
36.3 1.445 "Loas" 54.86 9
53.3 0.299 "Loas" 60.67 12
75.2 1.031 "Thailand" 81.98 11
15.7 0.146 "Thailand" 54.69 3
67 0.792 "Cambodia" 76.72 12
87.8 1.208 "Loas" 74.96 18
32.8 0.631 "Loas" 45.3 4
30.5 1.428 "Thailand" 60.67 3
23.1 1.025 "Cambodia" 60.51 5
15.9 0.706 "Cambodia" 46.86 4
55.7 1.274 "Thailand" 71.83 7
50.2 1.227 "Cambodia" 72.96 7
50.5 0.698 "Thailand" 73.03 7
82.8 0.561 "Thailand" 83.69 12
13 0.891 "Loas" 40.85 5
26.7 1.306 "Thailand" 59.27 5
52.1 0.92 "Thailand" 78.69 9
29.4 1.003 "Loas" 48.58 4
57.2 1.174 "Cambodia" 70.74 6
49.5 1.07 "Loas" 60.02 10
56.7 1.314 "Thailand" 72.5 7
21.8 0.233 "Cambodia" 63.04 4
21.9 0.954 "Thailand" 65.21 4
43.8 0.437 "Thailand" 69.03 4
66 0.757 "Loas" 69.24 7
63.6 0.497 "Loas" 56.72 8
85.1 1.386 "Thailand" 75.05 13
76.7 0.66 "Thailand" 77.4 12
65.4 0.891 "Loas" 65.64 9
76.2 0.213 "Thailand" 74.57 6
20.5 1.42 "Loas" 27.83 7
30.6 1.13 "Cambodia" 73 3
37.2 0.765 "Loas" 52.92 8
43.4 0.355 "Thailand" 71.98 6
62.1 1.123 "Cambodia" 77.38 9
76.3 0.96 "Cambodia" 91.71 9
31.2 0.185 "Loas" 48.86 7
77.2 0.175 "Cambodia" 91.85 15
11.3 0.737 "Thailand" 53.94 3
63.7 0.353 "Cambodia" 77.85 8
76.6 0.788 "Thailand" 81.49 15
47.8 1.475 "Loas" 45.62 10
26.7 0.414 "Loas" 46.73 7
11.5 1.098 "Cambodia" 44.56 1
33.2 0.31 "Loas" 48.29 5
85.1 0.836 "Loas" 69.11 23
86.6 1.26 "Cambodia" 90 17
54.5 0.278 "Thailand" 82.88 7
28 1.248 "Loas" 50.11 3
50.1 0.444 "Loas" 54.39 16
75.7 0.236 "Thailand" 76.51 16
43.4 0.329 "Thailand" 69.7 5
18.5 1.03 "Cambodia" 50.63 2
33 1.048 "Thailand" 60.61 4
39.6 0.286 "Cambodia" 70.56 6
31.3 1.471 "Cambodia" 60.79 5
48.6 0.305 "Thailand" 84.72 3
40 1.419 "Thailand" 65.86 7
19.9 1.08 "Thailand" 62.07 1
13.9 0.895 "Thailand" 49.15 7
31.5 0.445 "Thailand" 63.33 8
89.4 0.577 "Thailand" 96.94 17
50.1 1.276 "Loas" 59.59 13
49.2 1.39 "Loas" 48.7 10
71.4 0.822 "Loas" 65.16 25
64.7 1.343 "Cambodia" 78.31 10
14.1 1.086 "Thailand" 52.93 3
67 0.693 "Cambodia" 78.7 11
39.8 0.52 "Thailand" 62.33 7
82.5 1.449 "Loas" 79.34 22
73.6 0.275 "Cambodia" 89.83 18
21.4 1.052 "Loas" 48.07 8
34.2 1.248 "Loas" 48.53 6
20.3 0.403 "Cambodia" 64.39 8
58.4 0.932 "Cambodia" 78.53 7
56.1 0.326 "Thailand" 76.5 8
66.5 0.668 "Loas" 62.78 14
35.5 0.434 "Loas" 45.25 12
59.7 0.839 "Cambodia" 78.83 12
91.3 1.039 "Cambodia" 97.44 19
70.9 1.371 "Thailand" 80.12 14
16.2 0.566 "Cambodia" 51.88 2
47 0.44 "Loas" 61.37 15
14.4 0.534 "Cambodia" 50.25 4
37.8 0.418 "Thailand" 66.67 8
70.2 0.272 "Thailand" 83.92 18
10.3 0.475 "Loas" 43.28 2
73.3 1.393 "Loas" 58.7 21
48 0.179 "Loas" 61.33 12
69.1 0.802 "Thailand" 77.27 12
64.7 1.211 "Loas" 62 11
56.9 1.273 "Loas" 59.7 11
67.7 0.907 "Thailand" 81.1 16
63.9 0.439 "Thailand" 79.93 10
33.7 0.915 "Thailand" 59.21 1
18 0.293 "Thailand" 59.89 4
88.9 0.776 "Cambodia" 93.72 19
70.4 0.231 "Thailand" 82.05 8
60.2 0.527 "Thailand" 81.44 10
19.8 1.047 "Loas" 49.21 5
55.1 0.387 "Cambodia" 78.07 9
31.5 0.653 "Cambodia" 67.88 5
83.7 1.224 "Loas" 75.42 16
10.8 0.42 "Thailand" 58.25 3
29.4 0.208 "Cambodia" 66.39 5
20.7 1.19 "Loas" 40.46 7
36.8 1.038 "Cambodia" 66.98 8
69.6 0.816 "Thailand" 86.01 17
91.3 0.4 "Cambodia" 90.32 18
68.6 0.363 "Thailand" 84.36 10
51.4 0.956 "Cambodia" 78.79 7
45.8 0.154 "Thailand" 69.18 5
87.8 0.421 "Cambodia" 92.56 11
19.9 1.254 "Thailand" 55.5 2
16.2 0.521 "Cambodia" 63.12 1
82.9 0.123 "Cambodia" 86.91 14
44.8 1.446 "Thailand" 68.7 7
13.5 0.223 "Loas" 39.76 8
63.1 1.147 "Loas" 59.92 19
48.4 1.27 "Thailand" 81.28 8
60.7 0.122 "Cambodia" 81.64 16
32.2 1.294 "Thailand" 67.58 5
22.9 0.87 "Cambodia" 61.53 6
19.4 0.576 "Cambodia" 62.59 3
51.6 0.556 "Loas" 69.39 15
54.9 0.995 "Loas" 59.79 12
21.5 0.279 "Thailand" 64.55 4
23.9 0.536 "Loas" 51.99 6
72.5 0.916 "Loas" 75.23 22
53.2 1.163 "Thailand" 87.08 8
80.6 0.872 "Cambodia" 89.12 15
65.2 1.063 "Loas" 64.73 15
11.1 0.62 "Loas" 39.95 5
66.8 1.369 "Loas" 69.66 11
83.1 1.466 "Loas" 77.09 18
61.8 1.173 "Thailand" 78.94 4
18.8 0.117 "Loas" 46.38 5
85.5 0.832 "Loas" 80.15 15
65.4 1.219 "Cambodia" 71.25 11
22.2 0.39 "Thailand" 66.47 8
71.1 0.641 "Thailand" 79 13
87.3 0.859 "Cambodia" 92.19 11
44.5 1.142 "Loas" 62.54 8
34.4 0.567 "Cambodia" 66.67 6
31.3 0.555 "Cambodia" 60.59 5
28.3 0.693 "Loas" 45 8
56.4 0.487 "Cambodia" 76.47 11
72 0.977 "Cambodia" 78.03 13
64.9 0.161 "Loas" 66.85 14
54.8 0.949 "Cambodia" 74.15 2
76.5 0.684 "Thailand" 85.13 13
72.3 0.161 "Thailand" 87.58 8
11.6 1.491 "Cambodia" 51 1
41.2 0.977 "Cambodia" 65.33 6
14.2 1.274 "Thailand" 50.88 4
75.4 0.656 "Cambodia" 82.97 10
85.7 1.434 "Loas" 70.78 16
54.5 0.63 "Thailand" 72.77 10
79.9 1.248 "Loas" 67.79 17
57.9 0.11 "Thailand" 74.13 11
64.8 1.323 "Cambodia" 79.76 10
51.9 0.204 "Loas" 60.69 13
72.5 1.243 "Loas" 74.25 14
84.1 0.92 "Loas" 69.33 28
77.3 1.056 "Thailand" 88.88 12
15.9 1.1 "Loas" 36.41 5
10.3 0.492 "Thailand" 55.42 2
14.3 1.043 "Loas" 29.77 7
81.1 0.516 "Cambodia" 84.9 13
57.3 0.899 "Loas" 67.27 11
35.7 0.177 "Loas" 56.77 9
88.7 0.587 "Cambodia" 92.94 23
58.5 0.797 "Thailand" 76.4 12
53.6 0.844 "Cambodia" 71.63 7
41.5 1.242 "Loas" 51.55 7
36.2 0.814 "Cambodia" 62.15 5
76.3 1.289 "Loas" 66.28 14
13.4 0.932 "Cambodia" 62.73 3
39.8 0.853 "Cambodia" 71.44 5
80.2 0.978 "Cambodia" 100.32 11
67.2 0.509 "Cambodia" 86.64 17
66.1 0.894 "Loas" 64.44 16
38.5 1.499 "Thailand" 66.59 14
55.5 1.389 "Thailand" 74.76 6
21.3 1.177 "Thailand" 63.45 7
74.4 1.281 "Thailand" 81.66 13
82.7 1.391 "Loas" 82.09 28
26.7 0.941 "Loas" 41.95 8
73.2 0.615 "Cambodia" 83.97 10
58.9 1.146 "Thailand" 75.39 9
88.5 0.779 "Cambodia" 90.83 15
23 0.107 "Thailand" 70.08 5
53.1 1.042 "Thailand" 70.18 10
81.6 0.665 "Cambodia" 91.66 11
81.3 1.434 "Thailand" 78.1 18
11.9 0.288 "Cambodia" 49.64 2
90 0.629 "Thailand" 97.24 16
50.2 1.36 "Thailand" 65.91 5
41.9 1.225 "Cambodia" 67.42 4
44.2 0.809 "Cambodia" 65.26 9
17.6 0.125 "Cambodia" 56.57 3
23.3 0.45 "Loas" 40.14 6
43.2 0.528 "Thailand" 69.76 7
38 1.026 "Thailand" 66.44 4
44.1 0.237 "Thailand" 69.42 9
34.9 1.451 "Cambodia" 53.25 10
55.9 1.314 "Thailand" 71.89 9
22.8 0.499 "Cambodia" 49.57 5
88.4 0.709 "Cambodia" 88.2 13
13.6 0.577 "Loas" 42.12 0
40.5 0.587 "Thailand" 65.59 4
88.9 0.526 "Thailand" 86.99 9
62.9 1.38 "Loas" 66.12 14
15 0.497 "Loas" 33.75 2
43.6 1.315 "Loas" 47.86 11
44.9 1.243 "Cambodia" 70.44 9
51.7 0.358 "Cambodia" 65.4 5
46.9 0.418 "Cambodia" 75.13 9
61.1 1.032 "Thailand" 78.9 9
21.5 0.755 "Thailand" 62.19 5
84.5 0.253 "Cambodia" 96.49 15
56.7 0.304 "Thailand" 70.93 7
55 0.544 "Thailand" 75.13 5
19.6 0.95 "Thailand" 47.62 5
72.5 1.426 "Cambodia" 87.59 8
49.2 0.692 "Loas" 65.18 9
74.1 1.397 "Loas" 74.59 19
13.8 0.239 "Loas" 41.03 4
77.2 1.313 "Thailand" 83.81 15
32.1 0.465 "Thailand" 63.35 2
33.2 0.498 "Thailand" 70.1 10
62.7 0.332 "Cambodia" 77.28 9
87.7 0.142 "Loas" 74.17 22
10.6 0.237 "Loas" 41.72 4
38.8 0.268 "Cambodia" 64.33 6
44.4 0.372 "Loas" 55.22 7
47.5 1.261 "Loas" 58.48 8
68.4 0.121 "Cambodia" 92.94 6
85.4 0.64 "Thailand" 86.03 14
61.4 1.38 "Loas" 57.08 12
84 0.121 "Cambodia" 88.56 14
72.1 0.534 "Cambodia" 94.1 10
21.3 0.7 "Thailand" 61.57 3
22.6 0.887 "Loas" 45.69 7
25.7 1.389 "Loas" 39.48 9
45.5 0.824 "Loas" 48.56 7
17.2 1.136 "Cambodia" 57.95 5
28.3 0.965 "Loas" 55.97 6
56.9 0.388 "Thailand" 74.29 5
42.8 0.812 "Thailand" 65.98 6
56.4 0.185 "Loas" 68.51 14
78 1.184 "Loas" 79.75 17
62.7 0.386 "Loas" 53.97 13
42.1 1.3 "Cambodia" 67.19 2
68.2 0.819 "Cambodia" 81.83 8
18.9 0.452 "Cambodia" 61.2 5
32.4 1.238 "Loas" 50.27 6
58.7 0.194 "Thailand" 76.94 7
23.1 0.137 "Cambodia" 69.53 4
80 0.935 "Thailand" 79.82 14
79.5 1.286 "Thailand" 85.38 15
49.2 0.733 "Cambodia" 71.36 3
73.4 0.803 "Loas" 58.9 27
34.2 0.394 "Loas" 68.66 8
15.4 1.102 "Loas" 45.1 2
46.1 0.851 "Cambodia" 75.67 8
47.9 0.169 "Loas" 58.79 7
38 1.252 "Cambodia" 67.98 4
25.2 0.453 "Loas" 42.5 8
51.6 0.83 "Loas" 51.82 7
11.6 0.558 "Loas" 45.73 3
73.4 0.255 "Thailand" 89.43 14
55.9 1.292 "Loas" 59.77 14
62.6 0.974 "Loas" 63.96 11
48.4 1.287 "Thailand" 68.9 4
32.9 0.276 "Loas" 54.47 10
47.8 1.036 "Loas" 56.48 8
75 0.951 "Loas" 68.34 16
58 1.424 "Thailand" 77.64 7
42.4 0.913 "Loas" 51.24 4
76.5 0.524 "Loas" 72.85 20
36.1 1.409 "Loas" 52.25 9
57.7 1.282 "Cambodia" 75.97 7
47.4 0.694 "Thailand" 63.77 11
32 0.78 "Cambodia" 63.33 2
55.5 1.176 "Thailand" 74.16 5
29 0.453 "Cambodia" 60.94 2
54.5 1.237 "Cambodia" 75.15 12
46.7 1.251 "Cambodia" 73.15 8
20.7 0.684 "Loas" 48.75 3
61 1.383 "Loas" 59.78 11
54.9 0.199 "Thailand" 75.1 2
22.2 1.234 "Loas" 37.47 1
55.9 0.78 "Thailand" 80.37 7
45 0.527 "Loas" 57.34 9
46.7 0.965 "Loas" 51.27 14
78.3 0.547 "Thailand" 91.69 14
69 1.013 "Thailand" 77.65 12
47.5 1.382 "Thailand" 72.08 9
52.7 0.897 "Cambodia" 81.12 6
29.9 0.993 "Thailand" 61.44 4
16.2 0.682 "Thailand" 60.54 5
42.1 1.215 "Loas" 49.79 5
11.1 1.307 "Loas" 41.11 4
81.1 0.614 "Loas" 74.92 25
91.4 0.783 "Loas" 74.04 24
68.1 1.355 "Cambodia" 78.99 9
77.8 0.749 "Thailand" 92.35 10
83.1 0.393 "Cambodia" 86.53 11
54.2 1.047 "Thailand" 72.86 10
55.5 1.128 "Thailand" 70.54 7
32.7 1.014 "Cambodia" 65.17 3
64.1 0.39 "Loas" 68.25 11
30 1.445 "Loas" 45.96 7
33.6 0.11 "Loas" 49.68 9
68.7 1.363 "Thailand" 70.77 13
69.7 0.226 "Thailand" 82.96 6
24.2 1.272 "Loas" 49.03 5
35.1 0.876 "Thailand" 61.29 6
40.3 0.945 "Loas" 62.04 4
16.4 1.236 "Thailand" 57.63 3
68.5 0.468 "Loas" 66.65 11
55.2 0.156 "Loas" 69.78 11
21.1 0.294 "Loas" 51.16 4
89.9 0.248 "Cambodia" 92.71 19
56.1 0.346 "Loas" 65.08 19
74.6 1.446 "Thailand" 88.7 15
79.6 0.372 "Cambodia" 84.36 9
82 0.565 "Loas" 75.88 23
75.6 1.069 "Thailand" 84.31 4
62.5 1.071 "Cambodia" 73.49 12
61.6 0.501 "Loas" 74.17 8
32.3 0.519 "Cambodia" 65.11 8
12.5 0.702 "Cambodia" 52.16 4
44.4 0.636 "Thailand" 73.82 8
39.1 1.37 "Cambodia" 71.68 4
42.2 0.849 "Thailand" 72.65 2
24.1 0.95 "Cambodia" 64.88 3
36.2 0.806 "Thailand" 50.87 3
43.9 0.806 "Thailand" 70.06 6
72.3 0.693 "Cambodia" 82.89 13
32.3 0.405 "Cambodia" 61.26 4
19.5 0.547 "Loas" 47.91 2
12.4 0.438 "Loas" 37.68 2
76.2 0.102 "Thailand" 83.95 18
49.4 0.413 "Cambodia" 73.77 11
76.1 1.457 "Thailand" 84.33 19
16.5 0.705 "Cambodia" 64.42 5
19.5 1.449 "Cambodia" 51.35 1
20.6 0.458 "Cambodia" 65.22 1
70.6 0.29 "Thailand" 86.12 14
72.1 0.888 "Loas" 64.45 23
91.4 0.707 "Thailand" 96.85 12
61.2 1.308 "Thailand" 75.9 14
33.7 1.382 "Loas" 51.06 4
26.4 0.966 "Cambodia" 66.52 6
75.7 1.277 "Cambodia" 89.33 10
69.7 0.504 "Thailand" 88.15 12
27.8 1.359 "Thailand" 54.46 4
71 0.298 "Thailand" 76.72 7
81.1 0.299 "Thailand" 92.14 13
53.4 0.911 "Thailand" 67.62 4
59.1 1.493 "Cambodia" 73.68 9
86.9 0.847 "Cambodia" 94.67 23
88 0.28 "Cambodia" 101.68 16
64.2 0.348 "Cambodia" 83.4 5
15.9 1.184 "Thailand" 53.36 1
77.8 1.011 "Thailand" 91.09 13
49.3 0.879 "Cambodia" 64.51 11
42.1 1.144 "Loas" 49.86 10
34.5 0.58 "Loas" 45.92 8
30 0.648 "Loas" 48.65 11
44.6 0.593 "Loas" 52.85 12
86.9 0.972 "Thailand" 85.42 17
31.7 0.325 "Thailand" 60.19 5
56.6 0.445 "Thailand" 74.69 8
26.6 1.427 "Cambodia" 58.15 6
25.8 1.484 "Thailand" 62.51 9
68.9 0.85 "Thailand" 80.43 22
35.7 0.163 "Cambodia" 71.27 4
21.3 0.943 "Loas" 50.39 5
14.8 1.11 "Thailand" 53.34 0
86.4 0.916 "Thailand" 93.4 18
56.6 0.837 "Cambodia" 76.37 10
19.7 0.595 "Cambodia" 60.4 7
56.3 0.212 "Cambodia" 82.32 11
54.3 0.28 "Thailand" 87.32 5
77.2 0.612 "Cambodia" 84.53 12
67.6 0.94 "Cambodia" 86.28 4
56.6 0.433 "Cambodia" 71.07 14
69.1 0.125 "Cambodia" 83.78 11
71.7 0.534 "Thailand" 78.21 8
41.3 0.209 "Cambodia" 76.44 9
33.6 0.451 "Thailand" 63.18 8
53.6 0.297 "Cambodia" 73.69 4
31.3 0.618 "Cambodia" 61.95 2
78.2 0.297 "Cambodia" 93.97 13
43.2 0.895 "Cambodia" 58.84 7
16 0.86 "Cambodia" 59.28 2
88.2 0.329 "Cambodia" 88.65 13
27.8 1.423 "Cambodia" 58.55 3
43.3 0.976 "Cambodia" 67.7 6
61.3 0.191 "Cambodia" 85.73 7
61.5 0.353 "Thailand" 78.35 4
36.9 1.035 "Thailand" 69.99 6
21.4 1.369 "Loas" 40.83 1
85 1.242 "Loas" 73.53 18
59.1 0.719 "Loas" 59.58 14
71.5 0.326 "Cambodia" 87.21 7
85.4 0.332 "Loas" 80.89 26
53.4 0.771 "Thailand" 74.86 10
40.5 0.654 "Loas" 52.24 6
15.4 1.213 "Thailand" 49.29 4
80.1 1.178 "Cambodia" 77.02 17
51.9 0.659 "Thailand" 72.21 14
27.2 0.982 "Cambodia" 54.77 6
40.8 0.678 "Loas" 59.06 7
27 0.612 "Thailand" 55.27 5
47.7 0.969 "Thailand" 77.08 7
29.8 1.438 "Loas" 50.61 7
19.7 0.767 "Cambodia" 54.42 1
15.9 0.969 "Cambodia" 47.55 3
66.7 0.505 "Cambodia" 78.88 19
33.5 0.671 "Cambodia" 70.07 5
22.3 0.723 "Cambodia" 57.89 2
89.7 0.497 "Loas" 73.05 25
43.7 1.458 "Thailand" 61.39 8
42.9 1.336 "Thailand" 73.8 4
63.2 1.232 "Thailand" 81.27 6
85.1 1.092 "Cambodia" 91.03 14
27.8 0.352 "Loas" 50.77 10
54.9 0.19 "Cambodia" 85.64 5
69 0.249 "Thailand" 83.35 15
42.6 1.287 "Thailand" 69.68 7
17.7 0.603 "Cambodia" 58.99 4
62.1 1.199 "Thailand" 77.61 12
10.2 1.371 "Loas" 34.76 2
27.3 0.987 "Cambodia" 59.56 4
65.7 0.961 "Loas" 64.56 8
81 0.195 "Cambodia" 88.69 9
75.6 0.438 "Loas" 67.22 17
21.1 0.675 "Loas" 46.18 11
41.8 1.236 "Cambodia" 69.49 4
74.7 0.631 "Cambodia" 82.2 9
66.8 0.726 "Loas" 63.41 9
58.7 0.899 "Thailand" 78.46 18
20.2 0.284 "Cambodia" 62.61 4
55.5 0.118 "Cambodia" 82.99 6
46.9 1.049 "Thailand" 74.76 7
72.8 1.269 "Cambodia" 91.84 16
12.1 1.411 "Cambodia" 45.85 1
26 0.182 "Loas" 49.46 3
82.3 1.035 "Loas" 83.64 25
19 0.64 "Cambodia" 66.8 4
89.4 0.907 "Cambodia" 89.51 14
41.6 0.294 "Thailand" 71.12 7
80.4 0.458 "Cambodia" 90.65 12
82.8 0.538 "Loas" 74.94 8
50.1 1.101 "Loas" 52.14 11
68.9 0.364 "Cambodia" 81.24 8
49.9 0.299 "Thailand" 79.89 3
91.1 0.904 "Loas" 88.03 22
15.3 0.169 "Loas" 43.62 4
22.9 0.709 "Cambodia" 53.12 2
74.4 0.776 "Thailand" 69.49 14
54.5 0.751 "Thailand" 75.47 8
44.2 0.781 "Thailand" 67.65 5
91.9 1.133 "Thailand" 88.44 19
31 1.487 "Cambodia" 52.56 4
51.6 1.277 "Thailand" 78.49 10
16.5 0.257 "Cambodia" 54.69 7
76.7 1.306 "Cambodia" 79.8 15
41.3 0.895 "Cambodia" 72.64 11
75.8 1.057 "Thailand" 88.41 12
26.2 1.205 "Loas" 46.21 5
87.6 0.664 "Loas" 75.72 19
38.3 1.295 "Thailand" 64.01 8
52.8 0.365 "Loas" 62.02 14
19.2 0.794 "Thailand" 55.12 3
82.6 0.268 "Loas" 72.83 15
88.2 0.42 "Loas" 85.22 18
13.3 1.368 "Loas" 32.22 4
50.5 0.763 "Thailand" 67.94 8
28.5 0.857 "Loas" 41.48 7
80.4 1.463 "Thailand" 82.91 10
53.5 1.461 "Thailand" 75.24 6
10.4 1.06 "Cambodia" 50.5 1
32.8 1.192 "Thailand" 59.43 5
36.7 0.129 "Cambodia" 66.25 8
58.3 1.12 "Loas" 63 16
30.5 1.392 "Loas" 43.31 7
13.5 0.717 "Cambodia" 60.17 7
19.1 1.088 "Thailand" 53.73 7
67.7 1.243 "Loas" 63.54 17
87 0.781 "Loas" 77.79 21
35.5 1.28 "Thailand" 59.71 7
16.4 0.79 "Cambodia" 51.92 2
36.4 0.125 "Thailand" 70.14 7
61.2 0.717 "Loas" 54.72 13
46.1 0.769 "Cambodia" 64.14 6
75.7 0.942 "Thailand" 89.71 14
32.9 0.721 "Thailand" 64.9 2
56.8 0.53 "Cambodia" 73.68 5
13.5 1.042 "Loas" 40.29 3
25.6 0.953 "Cambodia" 66.81 3
69.6 1.463 "Loas" 69.41 21
77.8 0.346 "Thailand" 89.2 11
51.9 1.463 "Cambodia" 73.27 7
56.6 0.911 "Thailand" 75.23 9
10.1 1.133 "Cambodia" 46.74 2
21.8 1.312 "Cambodia" 60.35 9
81 1.006 "Cambodia" 86.85 16
16.8 1.073 "Loas" 33.14 6
30.1 1.494 "Cambodia" 57.54 6
90.5 1.289 "Thailand" 89.45 23
57.4 1.172 "Thailand" 78.75 8
30.4 0.293 "Loas" 54.96 7
60.4 0.233 "Loas" 59.13 15
12.6 0.831 "Loas" 41.81 5
22 0.369 "Thailand" 61.11 3
67.7 1.124 "Cambodia" 77.05 18
15.4 0.792 "Cambodia" 51.67 4
61 0.3 "Cambodia" 73.49 4
86.9 1.278 "Thailand" 94 14
17.2 1.418 "Loas" 41.72 3
89.8 0.489 "Cambodia" 88.23 19
12.1 0.311 "Thailand" 53.34 5
69.5 1.089 "Loas" 61.3 11
47.2 0.891 "Cambodia" 71.46 7
56.4 0.227 "Loas" 70.58 14
81.6 0.884 "Loas" 72.95 20
55.5 0.961 "Thailand" 79.55 12
70.5 0.868 "Loas" 77.02 18
61.1 0.651 "Cambodia" 90.02 13
35.5 0.683 "Thailand" 59.14 1
42.2 1.367 "Thailand" 64.11 3
26.6 1.043 "Loas" 47.28 7
79.9 1.437 "Cambodia" 88.2 12
59.8 0.312 "Loas" 63.86 11
72 0.884 "Thailand" 89.88 12
56.1 0.238 "Cambodia" 74.28 5
32.6 0.973 "Cambodia" 62.94 5
70.3 0.459 "Cambodia" 86.93 11
55 0.771 "Cambodia" 79.64 10
38.4 0.768 "Loas" 60.82 10
52.2 1.263 "Cambodia" 71.97 12
76.9 1.354 "Cambodia" 81 12
53.2 0.908 "Cambodia" 74.91 6
26.6 1.421 "Thailand" 55.12 6
79.5 0.509 "Cambodia" 93.16 7
40.4 0.975 "Thailand" 61.78 2
34.9 0.968 "Loas" 60.64 6
73.2 1.008 "Thailand" 88.08 18
70.1 0.429 "Thailand" 81.78 7
78.8 0.665 "Cambodia" 83.07 20
56.7 0.339 "Cambodia" 81.84 9
12.2 0.827 "Cambodia" 60.32 2
49.9 0.918 "Cambodia" 60.98 4
54.5 0.212 "Cambodia" 86.13 6
78.6 1.12 "Loas" 68.28 14
69.8 0.96 "Loas" 61.53 17
55.5 1.039 "Loas" 60.13 12
16 0.515 "Cambodia" 54.51 6
21.2 0.605 "Thailand" 65.23 4
66.1 0.983 "Thailand" 83.43 10
18.2 1.444 "Thailand" 51.35 4
26.7 0.611 "Cambodia" 65.18 6
40 0.377 "Loas" 52.58 10
79.4 0.456 "Cambodia" 88.1 14
29.4 0.779 "Cambodia" 62.96 7
67.8 0.679 "Cambodia" 81.47 11
18.8 0.56 "Cambodia" 52.38 1
73.9 0.6 "Cambodia" 93.67 9
30.9 1.057 "Thailand" 58.76 9
54.9 1.308 "Cambodia" 69.09 6
12.8 0.757 "Loas" 32.06 4
76.1 0.916 "Thailand" 87.62 9
37.7 0.798 "Thailand" 61.95 5
85.1 1.034 "Loas" 72.16 24
39.3 1.063 "Thailand" 67.13 7
90 0.25 "Loas" 77.34 29
41.5 0.257 "Thailand" 68.86 6
50.1 1.406 "Loas" 56.48 10
50.2 0.691 "Loas" 61.84 9
11 0.889 "Loas" 47.71 5
62.6 1.439 "Loas" 57.09 14
52 0.374 "Cambodia" 80.29 4
36.3 0.413 "Loas" 56.06 6
57.7 0.97 "Loas" 46.56 7
60.6 1.268 "Thailand" 76.21 6
45.9 1.231 "Cambodia" 71.98 5
24 0.312 "Loas" 54.34 4
68.6 0.217 "Loas" 61.66 17
71.3 1.191 "Thailand" 81.05 11
79.2 1.436 "Cambodia" 74.83 14
53.9 0.966 "Cambodia" 76.46 7
34.8 0.712 "Loas" 56.32 6
47.4 1.03 "Thailand" 71.14 6
41.5 1.316 "Thailand" 70.36 8
30.4 0.804 "Cambodia" 58.19 9
63.7 0.84 "Cambodia" 84.8 9
88.3 1.179 "Thailand" 90.41 14
33.9 0.618 "Thailand" 66.06 12
63.3 1.417 "Loas" 62.74 10
54 0.147 "Thailand" 78.88 8
59 0.574 "Loas" 65.16 10
12 0.29 "Cambodia" 59.33 8
10.4 0.572 "Thailand" 57.55 5
20.8 0.777 "Thailand" 65.85 5
12 1.16 "Thailand" 56.2 1
17.6 1.215 "Thailand" 55 3
49 0.683 "Loas" 47.89 9
26.1 0.142 "Cambodia" 63.16 6
76.8 1.414 "Cambodia" 76.54 13
30 1.382 "Thailand" 66.18 2
50.1 0.957 "Thailand" 66.85 12
63.2 1.387 "Cambodia" 74.93 6
23 0.977 "Loas" 48.33 6
78.6 0.277 "Thailand" 83.72 11
45.8 0.3 "Thailand" 74.85 8
29.1 1.054 "Thailand" 55.24 4
34.5 1.392 "Cambodia" 56.08 4
23.1 0.311 "Loas" 49.07 6
58 1.339 "Cambodia" 77.58 6
22.2 0.73 "Cambodia" 59.34 7
24.7 0.165 "Loas" 42.44 3
37.8 1.253 "Cambodia" 66.88 5
25.1 1.453 "Thailand" 63.83 1
43.3 1.23 "Thailand" 67.15 13
60.3 0.515 "Thailand" 82.51 11
66.2 0.377 "Cambodia" 86.22 10
77.5 0.382 "Cambodia" 87.49 10
40.7 0.589 "Thailand" 69.67 4
88.1 0.414 "Thailand" 90.72 12
11.5 0.33 "Thailand" 51.43 8
60.2 0.23 "Loas" 63 15
48 0.986 "Thailand" 60.48 5
39.1 1.199 "Cambodia" 67.05 5
82.4 0.183 "Loas" 81.7 20
16.2 0.218 "Thailand" 60.09 5
82.4 0.106 "Cambodia" 98.21 21
25.4 0.299 "Thailand" 61.76 8
27.6 1.401 "Loas" 34.83 4
81.3 0.327 "Thailand" 87.11 14
15 1.484 "Loas" 35.19 6
29.3 1.086 "Loas" 51.23 1
91.4 0.554 "Cambodia" 97.16 14
65.6 0.559 "Cambodia" 89.56 15
45.7 1.187 "Cambodia" 67.84 7
40.9 0.798 "Cambodia" 72.2 3
47.8 0.796 "Thailand" 69.81 9
75.8 0.473 "Thailand" 83.61 14
64.4 1.402 "Thailand" 80.02 10
48.2 1.049 "Loas" 51.78 9
14.4 1.094 "Loas" 44.25 5
29.5 0.495 "Loas" 50.02 9
29.1 0.913 "Loas" 46.11 6
28.9 1.436 "Thailand" 56.5 4
15.1 0.15 "Thailand" 52.03 7
50.8 0.814 "Cambodia" 60.54 7
30 1.305 "Loas" 48.98 10
72.2 0.488 "Cambodia" 82.89 12
54.9 0.608 "Loas" 57.57 7
87.7 1.383 "Thailand" 94.7 16
17.1 0.212 "Loas" 54.61 5
87.7 0.818 "Loas" 76.26 16
69.2 0.688 "Thailand" 83.52 14
85.6 0.321 "Cambodia" 96.15 16
60.3 0.729 "Thailand" 86.07 7
23.2 0.337 "Thailand" 61.77 7
25 1.297 "Thailand" 58.27 3
69.9 1.063 "Thailand" 82.23 9
58.3 0.27 "Thailand" 79.26 7
35.6 0.267 "Cambodia" 68.79 12
73.4 0.504 "Loas" 66.63 16
37.6 1.416 "Cambodia" 63.26 6
80.2 1.404 "Cambodia" 77.26 14
57.6 0.356 "Thailand" 76.67 7
44.1 1.378 "Loas" 50.36 6
86.5 0.193 "Loas" 81.73 16
47.9 1.329 "Cambodia" 69.73 9
18.1 0.182 "Loas" 38.78 1
48.2 1.432 "Thailand" 67.12 1
90.7 0.324 "Cambodia" 92.67 14
85.9 0.913 "Loas" 69.77 21
45.7 1.096 "Thailand" 74.52 3
81.3 0.492 "Loas" 75.37 20
34.6 0.137 "Cambodia" 69.14 10
75.4 1.095 "Thailand" 76.56 9
75.6 0.538 "Thailand" 80.07 14
41.7 1.297 "Thailand" 64.25 6
41.3 0.761 "Loas" 59.65 7
62.9 1.489 "Loas" 60.14 14
80.7 0.209 "Cambodia" 95.43 8
63.8 0.135 "Thailand" 84.01 9
52.3 0.905 "Thailand" 72.56 5
22.2 0.951 "Thailand" 54.73 4
60.2 0.106 "Cambodia" 86.59 4
13.4 1.141 "Loas" 41.29 4
50.9 0.165 "Cambodia" 74.81 8
70.6 0.77 "Loas" 68.75 14
71.8 1.414 "Cambodia" 78.57 14
15.2 0.183 "Thailand" 66.36 5
46.3 1.435 "Cambodia" 71.77 8
51.1 1.179 "Cambodia" 76.52 8
32.2 1.292 "Thailand" 57.22 4
59.1 0.405 "Loas" 55.57 12
70.3 1.492 "Loas" 75.53 11
68.5 1.071 "Thailand" 81.4 10
19.6 0.502 "Cambodia" 55.54 3
57.2 1.245 "Cambodia" 74.49 8
75.4 1.443 "Cambodia" 80.99 10
29 1.361 "Loas" 50.56 11
69.4 0.278 "Cambodia" 87.43 12
78.7 0.183 "Cambodia" 100.24 13
19.7 1.246 "Loas" 34.4 8
88.6 1.304 "Cambodia" 88.71 14
71.3 0.163 "Cambodia" 87.64 9
76.5 0.414 "Cambodia" 95.31 21
25.6 1.087 "Loas" 39.44 6
12.1 0.238 "Loas" 40.45 4
80.8 0.122 "Loas" 73.08 11
85.4 1.368 "Thailand" 80.71 18
21.3 0.169 "Thailand" 54.77 3
49.2 1.324 "Thailand" 64.74 13
48 0.269 "Loas" 49.2 15
67.4 0.666 "Loas" 67.89 8
15.4 0.422 "Thailand" 57.24 4
70.1 1.187 "Cambodia" 85.15 6
42.5 0.907 "Cambodia" 74.8 8
47.8 0.373 "Thailand" 63.09 8
69.5 0.695 "Cambodia" 80.57 13
48.5 0.716 "Thailand" 66.58 11
92 1.372 "Thailand" 92.64 19
79.4 0.748 "Loas" 77.36 17
77.9 1.404 "Cambodia" 86.63 10
72.5 0.645 "Cambodia" 83.88 10
19.2 1.227 "Thailand" 54.11 2
78.8 1.176 "Cambodia" 86.1 9
76.7 0.577 "Cambodia" 90.9 7
91.3 1.413 "Thailand" 95.95 16
14 0.805 "Thailand" 56.53 4
71.2 0.554 "Thailand" 89.54 14
44.4 0.72 "Cambodia" 70.29 7
57.7 0.782 "Cambodia" 83.86 9
78.1 1.278 "Loas" 65.22 16
11.1 1.429 "Thailand" 52.64 1
10.9 0.759 "Loas" 29.13 4
91.7 0.619 "Cambodia" 96.34 16
72.8 0.416 "Loas" 58.27 12
35.8 0.106 "Loas" 51.16 11
76.6 1.093 "Thailand" 85.41 8
91.3 1.075 "Loas" 79.94 17
26.5 0.121 "Thailand" 59.89 7
63 0.363 "Loas" 62.58 10
45.9 0.852 "Loas" 55.63 11
86.9 0.323 "Loas" 74.63 21
91 0.444 "Loas" 81.56 17
47.4 1.391 "Thailand" 72.25 8
28.9 0.608 "Thailand" 56.5 4
67 1.49 "Cambodia" 77.43 11
55.6 1.116 "Cambodia" 80.67 12
57.9 0.309 "Cambodia" 75.49 3
45.6 0.929 "Cambodia" 66.87 3
44.9 1.288 "Cambodia" 73.45 6
58.9 1.128 "Cambodia" 69.86 10
47.1 0.747 "Cambodia" 69.27 5
88.4 0.816 "Thailand" 88.49 15
79.2 0.879 "Loas" 64.46 21
28.3 0.381 "Cambodia" 61.69 3
44.5 1.345 "Thailand" 69.23 13
44.4 0.316 "Thailand" 67.91 5
11.7 0.918 "Thailand" 52.6 3
41.2 0.773 "Cambodia" 70.49 9
44.6 0.376 "Loas" 57.24 5
25.7 1.47 "Cambodia" 55.68 5
67.8 0.547 "Loas" 63.16 10
11.1 0.163 "Thailand" 57.01 2
70 1.155 "Loas" 71.21 22
45.5 0.894 "Cambodia" 69.16 9
70 0.114 "Cambodia" 79.42 8
11.1 0.521 "Thailand" 42.3 4
13.7 1.309 "Loas" 32.52 5
44.3 0.425 "Loas" 52.44 10
62.8 0.182 "Loas" 71.9 12
28 1.095 "Loas" 46.63 8
78.3 0.812 "Loas" 73.31 18
67 0.667 "Thailand" 81.72 8
83.7 0.694 "Cambodia" 85.91 15
44 1.38 "Loas" 55.37 9
43.7 1.363 "Loas" 48.54 5
30.5 0.405 "Cambodia" 67.4 6
40.6 0.905 "Thailand" 62.92 6
29 0.157 "Loas" 52.94 6
86.4 0.857 "Cambodia" 98.44 8
49.1 0.258 "Thailand" 67.64 6
13.9 1.16 "Loas" 33.12 11
73.4 0.256 "Loas" 75.6 25
37.2 0.386 "Loas" 61.42 9
55.3 1.175 "Thailand" 71.49 11
65.5 0.691 "Thailand" 75.85 7
32.7 0.866 "Cambodia" 66.22 4
14.3 1.333 "Thailand" 59.88 2
44.9 1.119 "Cambodia" 66.25 3
60 1.154 "Loas" 62.17 11
90 0.941 "Thailand" 90.15 22
89.5 0.241 "Thailand" 97.98 21
17.3 1.257 "Loas" 40.2 3
50.9 1.134 "Thailand" 76.29 6
42.4 1.336 "Cambodia" 67.26 6
42 0.218 "Thailand" 71.51 5
36.1 1.261 "Thailand" 68.77 8
66 0.485 "Loas" 62.93 8
33.3 0.568 "Loas" 53.24 1
42 1.342 "Cambodia" 58.48 4
91.2 0.368 "Cambodia" 97.07 10
74.9 0.117 "Cambodia" 91.23 8
35.6 1.087 "Cambodia" 64.57 4
77 0.153 "Loas" 75.89 18
28.1 1.252 "Thailand" 63.24 7
51.1 1.365 "Loas" 49.64 15
23.7 0.333 "Thailand" 61.58 3
19.8 0.391 "Cambodia" 62.13 7
83.6 1.214 "Cambodia" 91.65 16
17.7 1.35 "Loas" 38.35 3
80.9 0.441 "Thailand" 86.52 14
32.7 0.706 "Loas" 45.86 10
12.2 0.657 "Loas" 32.36 4
74.6 1.032 "Thailand" 83.19 9
39.4 0.527 "Cambodia" 70.8 3
12.1 1.209 "Thailand" 63.89 4
71.2 0.578 "Thailand" 80.04 11
12.4 0.46 "Loas" 32.86 5
45.6 0.106 "Thailand" 83.62 6
31 0.632 "Thailand" 69.35 5
50.8 0.939 "Cambodia" 72.28 5
63.6 0.575 "Thailand" 83.64 13
16.9 0.346 "Cambodia" 60.8 4
24.8 1.497 "Loas" 43.86 3
18.6 0.472 "Cambodia" 63.87 5
76.6 0.87 "Loas" 70.35 17
61.5 0.289 "Cambodia" 82.09 8
61.7 1.055 "Thailand" 84.38 8
42.1 0.73 "Cambodia" 61.32 6
45.4 0.613 "Loas" 47.46 9
38.6 0.641 "Loas" 58.93 5
75.1 0.666 "Cambodia" 90.49 11
82.7 1.259 "Cambodia" 89.12 14
63.4 1.382 "Thailand" 76.35 9
58.6 1.166 "Cambodia" 79.37 12
36.9 0.614 "Loas" 43.31 5
16.2 1.068 "Thailand" 52.79 3
58.5 0.811 "Loas" 57.29 12
24.6 0.127 "Thailand" 73.04 3
70.8 1.006 "Loas" 61.84 8
34.1 0.972 "Thailand" 60.1 5
62.4 0.566 "Thailand" 74.14 10
20.2 0.137 "Thailand" 50.84 2
30.9 1.465 "Loas" 46.46 2
77.3 1.488 "Cambodia" 88.52 16
75.9 0.207 "Cambodia" 86.6 13
13.8 0.853 "Cambodia" 65.1 3
81.8 1.469 "Cambodia" 77.56 14
20.5 0.254 "Loas" 45.36 4
59.9 0.608 "Cambodia" 77.35 6
48.5 0.8 "Loas" 64.47 12
55.7 1.378 "Thailand" 74.37 14
69.9 0.901 "Thailand" 77.19 10
48.5 0.132 "Thailand" 75.35 8
91.1 1.297 "Loas" 76.01 21
90.7 1.263 "Thailand" 92.77 21
42.2 1.329 "Thailand" 60.14 7
59.9 1.233 "Loas" 64.39 10
38.3 0.1 "Loas" 62.66 4
45.8 0.243 "Loas" 55.87 6
28.8 1.269 "Thailand" 66.11 5
10.5 0.41 "Cambodia" 61.01 3
12 0.143 "Thailand" 60.32 4
14.8 0.907 "Loas" 36.15 4
72.7 1.16 "Loas" 55.49 16
48.5 1.323 "Cambodia" 75.04 4
79.8 0.185 "Loas" 72.76 23
57.7 0.411 "Cambodia" 77.25 8
25.3 0.68 "Thailand" 59.92 3
59.9 0.676 "Cambodia" 78.11 9
83.3 0.911 "Loas" 67.69 19
75.1 1.419 "Cambodia" 83.68 16
51.3 1.483 "Loas" 54.58 11
44.7 0.282 "Loas" 59.01 10
63.7 0.485 "Cambodia" 70.72 8
82.8 1.26 "Cambodia" 81.29 11
83.1 1.488 "Loas" 72.23 19
24.6 1.042 "Loas" 43.48 5
31.1 0.208 "Thailand" 63.84 7
19.3 0.288 "Loas" 50.68 5
75.4 0.573 "Thailand" 84.57 9
19 0.453 "Thailand" 56.66 3
78 0.451 "Loas" 67.66 13
73.2 1.197 "Thailand" 80.06 11
87.4 0.343 "Thailand" 98.29 18
48.3 0.938 "Loas" 65.44 6
87.1 1.068 "Thailand" 98.4 20
74.4 1.392 "Cambodia" 79.6 9
81.7 1.066 "Cambodia" 93.14 11
42.3 0.483 "Loas" 48.03 4
18.2 0.115 "Cambodia" 54.53 4
32.7 0.161 "Cambodia" 67.45 4
69.2 0.335 "Thailand" 93.31 13
39.2 1.294 "Loas" 51.06 7
41.4 0.164 "Loas" 60.42 5
12.6 0.48 "Loas" 39.51 6
52.8 1.345 "Cambodia" 72.38 4
19.9 0.867 "Loas" 44.45 2
82.6 1.227 "Cambodia" 95.72 11
16.1 1.44 "Thailand" 49.82 4
74.3 1.066 "Loas" 67.71 12
80 0.662 "Thailand" 89.62 15
13 1.459 "Loas" 37.51 2
32.6 1.415 "Thailand" 55.89 4
62.6 0.826 "Loas" 63.24 15
74.4 0.291 "Loas" 74.75 19
42.8 0.977 "Cambodia" 67.57 7
86.7 1.252 "Thailand" 90.04 19
42 0.291 "Thailand" 63.49 7
44.8 0.936 "Loas" 52.31 12
33.5 1.476 "Thailand" 58.33 7
60.2 0.423 "Loas" 65.31 11
55.8 0.684 "Thailand" 73.81 9
13.3 0.24 "Thailand" 53.26 2
71.1 0.49 "Thailand" 88.49 7
26.9 0.843 "Thailand" 60.9 6
63.8 0.54 "Loas" 75.21 14
52.8 0.941 "Thailand" 63.7 6
61.9 1.482 "Loas" 66.89 12
60.6 0.953 "Loas" 63.53 13
33.4 0.304 "Thailand" 59.63 5
28.4 1.086 "Cambodia" 61.89 5
54.2 1.051 "Thailand" 75.04 15
91.7 0.552 "Thailand" 93.13 19
37 0.693 "Loas" 51.57 10
36.5 0.526 "Loas" 57.9 8
12.9 1.266 "Loas" 39.59 4
53.1 0.931 "Thailand" 68.39 4
58.9 1.23 "Loas" 56.68 10
70.9 0.512 "Loas" 57.88 19
88.1 0.298 "Loas" 81.2 13
50.1 1.344 "Thailand" 69.41 9
16.8 0.112 "Cambodia" 59.79 4
31.3 0.897 "Loas" 49.11 4
81.7 1.455 "Loas" 68.24 25
79.9 0.477 "Thailand" 88.01 12
79.1 1.478 "Thailand" 89.9 13
87.6 0.15 "Thailand" 91.14 10
63.5 0.461 "Thailand" 81.91 6
50 0.464 "Thailand" 73.87 4
25.4 1.427 "Cambodia" 47.63 8
68.5 1.471 "Thailand" 73.01 12
17 1.128 "Loas" 35.01 5
47.8 0.502 "Cambodia" 77.86 9
86.7 0.673 "Thailand" 87.3 14
79.3 0.382 "Loas" 71.06 19
68.7 1.173 "Loas" 69.92 19
20.2 1.14 "Thailand" 58.95 3
58.8 0.798 "Loas" 58.47 13
91.2 1.039 "Cambodia" 80.1 14
60.5 1.153 "Loas" 65.9 20
32.4 1.183 "Cambodia" 49.08 5
15.2 0.947 "Cambodia" 58.77 2
15.9 0.647 "Loas" 41.51 7
81.6 1.039 "Thailand" 88.62 12
39.8 1.317 "Cambodia" 66.12 11
87.5 0.711 "Cambodia" 95.58 20
55.8 0.269 "Cambodia" 88.83 6
52 0.967 "Thailand" 74.97 9
87.7 0.773 "Loas" 85.39 22
19 1.393 "Loas" 45.35 6
77.2 0.437 "Loas" 71.36 12
40.9 1.187 "Cambodia" 62.99 6
55.6 1.153 "Loas" 60.05 9
35.7 1.047 "Cambodia" 71.32 7
16.8 0.872 "Cambodia" 54.02 2
74 0.937 "Thailand" 84 15
25.8 1.313 "Thailand" 56.14 6
63.8 0.793 "Cambodia" 77.37 9
45.7 1.472 "Thailand" 64.54 9
26.2 0.197 "Thailand" 59.19 3
91.6 0.878 "Thailand" 94.79 15
46.6 0.365 "Thailand" 62.39 12
12.6 0.515 "Cambodia" 65.1 3
86.8 1.277 "Loas" 74.94 31
81.4 0.387 "Cambodia" 92.54 18
59.3 0.916 "Loas" 64.04 8
34.5 0.655 "Thailand" 67.66 5
76.4 0.528 "Thailand" 88.4 7
88.1 0.761 "Cambodia" 98.36 13
79.9 1.141 "Thailand" 83.3 11
20.4 1.468 "Loas" 50.6 4
89.4 0.319 "Loas" 79.91 21
55.7 0.281 "Cambodia" 74.89 5
10.4 0.913 "Thailand" 59.29 7
21.1 0.292 "Cambodia" 60.67 2
10.5 0.383 "Loas" 33.68 6
77 0.578 "Loas" 59.04 22
74.1 0.472 "Cambodia" 85.4 8
86.3 1.11 "Thailand" 94.74 14
40.2 1.074 "Cambodia" 61.18 6
89.9 1.212 "Thailand" 78.39 17
77.5 0.484 "Loas" 77.28 20
74.6 0.355 "Loas" 68.91 22
61.1 0.748 "Thailand" 70.33 4
89.3 0.871 "Cambodia" 91.99 15
51 0.972 "Loas" 54.38 12
83.3 0.776 "Thailand" 86.46 15
42.9 0.282 "Loas" 47.32 7
46.7 1.338 "Cambodia" 76.02 14
86.7 1.488 "Thailand" 86.67 13
66 1.307 "Thailand" 81.57 13
11.5 1.293 "Loas" 43.83 8
23.6 0.628 "Thailand" 53.54 4
50.7 0.964 "Thailand" 71.22 5
45 0.826 "Cambodia" 75.06 9
91.3 0.152 "Loas" 71.71 25
82.9 1.14 "Cambodia" 93.9 15
38.4 1.279 "Loas" 53.16 12
67.9 0.169 "Cambodia" 77.72 3
84.5 1.351 "Thailand" 76.2 13
65.5 0.629 "Thailand" 73.23 11
62.4 1.074 "Thailand" 77.97 6
22.3 1.104 "Loas" 42.57 7
59.3 1.056 "Loas" 49.68 14
32.4 0.521 "Loas" 58.15 6
47.5 0.524 "Cambodia" 72.95 6
28.2 0.767 "Thailand" 54.85 6
30.9 0.168 "Loas" 44.34 7
63.6 0.788 "Loas" 68.57 13
48.7 0.924 "Cambodia" 69.26 8
23.2 0.428 "Thailand" 67.42 3
32.3 1.45 "Loas" 41.81 5
68.5 0.324 "Cambodia" 85.55 11
60.3 0.905 "Thailand" 82.85 6
20.8 0.689 "Thailand" 54.29 3
15.7 0.271 "Thailand" 58.8 5
89.2 0.61 "Thailand" 89.19 18
40.2 1.498 "Cambodia" 73.08 11
65.6 1.217 "Loas" 66.74 11
79.4 0.59 "Loas" 74.7 12
29.8 1.412 "Loas" 47.49 7
12.9 1.098 "Thailand" 47.76 3
58.8 0.793 "Cambodia" 78.95 3
78.6 1.237 "Thailand" 94.48 16
39.7 1.017 "Loas" 50.32 12
37.2 0.605 "Loas" 57.66 6
62.9 0.761 "Cambodia" 75.19 6
88.6 0.938 "Cambodia" 81.78 15
58.9 1.117 "Loas" 57.25 16
51.8 0.598 "Loas" 49.64 8
22.7 0.921 "Loas" 40.18 3
79.4 0.823 "Thailand" 83.35 15
27.6 0.931 "Thailand" 59.42 3
64.9 1.344 "Loas" 57.04 6
60.7 1.314 "Loas" 69.22 9
14.1 1.264 "Cambodia" 51.79 3
87.9 0.326 "Cambodia" 89.82 15
57.8 0.564 "Loas" 62 14
80.6 1.397 "Cambodia" 93.53 9
52.5 1.395 "Loas" 59.77 12
31.8 0.991 "Thailand" 65.34 8
59 1.21 "Loas" 53.4 13
75.2 0.9 "Loas" 70.72 17
66.5 0.155 "Thailand" 75.95 13
49.4 0.503 "Thailand" 80.27 6
48.2 0.773 "Loas" 62.2 12
60.7 0.709 "Cambodia" 80.43 8
46.8 1.405 "Loas" 57.08 8
59.4 1.004 "Loas" 57.22 9
10.4 0.101 "Loas" 36.19 4
91.6 0.127 "Thailand" 103.3 13
43.3 0.516 "Loas" 48.81 10
19.7 0.483 "Loas" 44.61 6
81.3 1.261 "Loas" 69.25 26
54.3 1.109 "Thailand" 73.65 16
82.3 1.053 "Loas" 77.06 17
13.1 0.638 "Thailand" 56.74 3
82.3 0.359 "Cambodia" 99.9 13
69.2 0.396 "Loas" 72.8 19
73.1 1.085 "Thailand" 83.1 14
80.8 0.467 "Cambodia" 76.78 21
51.1 0.417 "Cambodia" 73.88 8
85.9 0.93 "Cambodia" 93.79 12
27.1 0.306 "Thailand" 61.1 6
12.2 0.171 "Cambodia" 62.61 4
35.9 0.119 "Loas" 54.06 8
64.1 1.231 "Loas" 62.9 11
35.8 1.224 "Loas" 44.15 11
87.4 0.121 "Thailand" 83.82 18
73.9 0.933 "Loas" 62.6 17
37.8 0.53 "Cambodia" 73.39 6
49.5 0.949 "Loas" 61.47 12
44.1 0.402 "Cambodia" 74.16 5
73.7 1.427 "Cambodia" 79.1 9
49.8 0.248 "Loas" 61.07 14
11.3 0.267 "Thailand" 52.62 4
62.7 0.297 "Loas" 72.31 10
29.3 0.51 "Cambodia" 68.55 5
71.3 0.938 "Loas" 66.78 16
34.2 0.393 "Cambodia" 59.36 3
84.3 0.733 "Loas" 90.38 25
80 0.734 "Cambodia" 89.47 13
47.9 0.634 "Thailand" 74.59 15
15.9 1.483 "Cambodia" 51.71 2
57.4 0.114 "Thailand" 81.63 7
57.5 1.312 "Loas" 62.36 5
91.5 0.23 "Cambodia" 98.36 23
37.5 0.355 "Cambodia" 68.59 5
64.7 0.727 "Cambodia" 74.89 9
87 1.121 "Cambodia" 79.86 19
57.1 0.366 "Thailand" 80.04 11
66.7 0.295 "Loas" 61.86 21
17.4 0.398 "Cambodia" 63 2
81 0.336 "Thailand" 85.29 19
51.1 1.294 "Thailand" 63.85 10
28.3 1.136 "Thailand" 60.63 4
43.8 0.898 "Thailand" 72.16 2
82.7 1.297 "Thailand" 91.61 8
50.6 0.308 "Thailand" 76.44 13
65.2 0.628 "Loas" 66.45 13
33.2 0.548 "Cambodia" 64.14 4
77 0.142 "Cambodia" 86.17 13
30.2 0.643 "Cambodia" 71.9 7
40.3 1.093 "Loas" 50.9 9
29.3 0.447 "Thailand" 61.15 1
86.7 1.007 "Loas" 76.24 21
44 0.335 "Thailand" 66.13 11
21.3 1.181 "Cambodia" 53.51 0
85 0.771 "Cambodia" 93.19 20
38.5 0.185 "Cambodia" 62.33 5
79.9 1.179 "Thailand" 80.95 6
21.7 1.328 "Thailand" 60.77 2
39.5 0.926 "Thailand" 73.2 7
30.1 0.954 "Thailand" 54.76 3
13.8 0.689 "Cambodia" 58.12 4
74.3 0.168 "Thailand" 89.62 7
26.3 1.011 "Cambodia" 59.99 4
42.1 0.803 "Cambodia" 67.44 6
36.5 1.201 "Loas" 47.82 8
59.4 0.866 "Loas" 71.36 13
54.4 0.722 "Loas" 64.79 10
91.2 1.273 "Thailand" 95.71 21
30.8 1.046 "Thailand" 62.12 5
70.3 0.172 "Thailand" 88.35 9
90.2 0.276 "Loas" 82.93 23
55.8 1.257 "Thailand" 77.07 7
42.2 0.662 "Cambodia" 64.82 7
77.6 0.807 "Cambodia" 83.74 10
19.2 0.572 "Cambodia" 48.71 3
53.9 0.973 "Thailand" 67.48 8
46.4 0.909 "Loas" 68.83 5
32.5 0.411 "Loas" 51.05 9
22.9 0.995 "Loas" 41.89 11
81.5 0.599 "Thailand" 90.51 14
56.1 0.731 "Loas" 52.65 10
55.2 0.661 "Thailand" 70.95 7
58.6 0.41 "Cambodia" 89.02 11
69.7 0.447 "Cambodia" 84.22 7
62.4 0.347 "Thailand" 80.87 6
60.4 0.705 "Cambodia" 84.04 5
14.3 0.954 "Thailand" 45.94 3
56.3 0.673 "Loas" 65.55 16
58.2 1.378 "Cambodia" 76.71 9
61.5 0.493 "Thailand" 72.57 5
61 0.402 "Cambodia" 74.39 4
16.7 0.873 "Thailand" 49.37 2
16.4 0.59 "Cambodia" 53.81 1
66.3 1.413 "Thailand" 82.32 6
78.1 0.981 "Thailand" 86.72 4
22 0.712 "Cambodia" 49.88 5
74.2 0.505 "Thailand" 93.45 13
49.9 0.151 "Loas" 57.52 8
91.1 0.868 "Thailand" 90.23 17
50.9 0.549 "Cambodia" 71.92 13
56.1 0.773 "Loas" 68.38 11
41 1.233 "Loas" 52.26 9
52.5 0.406 "Cambodia" 66.81 4
16.1 0.225 "Loas" 43.27 3
54.2 1.216 "Thailand" 87.14 7
88.8 0.344 "Cambodia" 99.76 18
53.3 1.222 "Loas" 55.73 5
45.8 0.152 "Loas" 54.07 11
12.6 1.286 "Loas" 39.07 6
13.1 1.25 "Loas" 37.54 5
13.9 1.357 "Loas" 37.04 7
23.2 0.624 "Thailand" 49.84 5
48.5 0.529 "Thailand" 76.57 5
76.1 1.387 "Thailand" 84.56 13
33 0.55 "Cambodia" 67.95 4
71.9 1.395 "Cambodia" 80.56 10
52.8 0.944 "Loas" 60.33 10
33.7 0.914 "Loas" 50.87 7
11.4 1.13 "Loas" 36.56 8
64.8 0.66 "Loas" 65.76 15
15.5 0.614 "Cambodia" 61.56 2
78.6 0.704 "Loas" 69.94 13
21.1 0.57 "Thailand" 68.34 1
63.8 1.077 "Cambodia" 83.8 14
78.7 0.475 "Cambodia" 85.99 12
31.1 1.295 "Thailand" 70.09 6
21.2 1.403 "Cambodia" 62.27 6
72.6 0.751 "Cambodia" 92.93 12
27.4 0.108 "Loas" 45.71 7
32 1.417 "Cambodia" 64.57 5
53.6 0.707 "Cambodia" 74.32 9
48.9 1.266 "Cambodia" 68 11
40.6 0.821 "Cambodia" 72.66 7
73.6 0.772 "Cambodia" 80.39 11
55.8 0.303 "Cambodia" 79.81 10
22.7 0.181 "Cambodia" 54.88 8
91.1 1.01 "Loas" 75.49 22
30 0.623 "Cambodia" 70.06 3
20.7 0.134 "Thailand" 50.55 4
27.4 0.205 "Thailand" 61.76 8
41.2 1.262 "Thailand" 60.73 7
39.5 1.128 "Loas" 49.66 9
34.8 0.167 "Thailand" 62.89 6
13.6 1.115 "Thailand" 56.49 3
86.7 0.119 "Loas" 78.32 28
56.6 0.955 "Thailand" 70.29 7
28.1 0.412 "Cambodia" 67.36 5
82 0.969 "Thailand" 86.01 8
48.3 0.89 "Thailand" 66.01 9
54.5 0.81 "Loas" 60.55 13
74.3 0.46 "Cambodia" 79.51 8
63.1 0.602 "Thailand" 78.43 9
21.9 0.503 "Loas" 43.43 7
36.4 0.366 "Thailand" 59.9 6
88 0.983 "Cambodia" 92.91 19
25.4 0.115 "Thailand" 62.53 4
71.5 0.303 "Loas" 69.99 22
47.7 0.813 "Loas" 63.39 7
21.6 0.752 "Loas" 48.77 4
26.8 0.829 "Cambodia" 52.34 4
65.4 1.067 "Cambodia" 70.25 12
21.3 1.5 "Cambodia" 47.49 8
44.1 1.428 "Loas" 52.13 4
47 1.433 "Loas" 54.88 6
61.1 1.058 "Cambodia" 72.88 15
30.6 1.131 "Loas" 41.17 2
48.1 1.44 "Thailand" 69.16 5
23.6 0.39 "Thailand" 61.01 4
80.3 1.045 "Cambodia" 73.88 19
22.8 0.237 "Thailand" 65.47 2
17.2 0.798 "Thailand" 65.36 6
83.3 1.161 "Thailand" 89.88 17
34.7 0.117 "Loas" 38.63 11
71.7 0.324 "Thailand" 83.94 10
42.9 0.254 "Loas" 52.64 19
46.8 1.224 "Cambodia" 64.53 10
23.1 0.625 "Thailand" 66.29 6
21.9 0.983 "Thailand" 50.38 5
22.2 1.167 "Loas" 39.61 5
52.2 0.448 "Cambodia" 77.92 11
50.4 0.623 "Thailand" 63.62 8
60.5 0.575 "Thailand" 77.37 12
46.7 1.089 "Thailand" 68.85 9
14.6 0.9 "Thailand" 49.94 4
10.4 0.301 "Cambodia" 52.97 4
28.2 0.515 "Thailand" 65.81 4
79.8 0.649 "Cambodia" 86.64 13
31.9 0.831 "Cambodia" 62.72 5
59.1 0.92 "Cambodia" 77.87 6
59.9 0.533 "Thailand" 83.65 10
91.4 0.604 "Loas" 79.62 24
25.7 1.401 "Cambodia" 52.4 6
71.8 0.863 "Thailand" 93.9 10
29.9 0.925 "Cambodia" 63.97 7
36.9 0.452 "Loas" 56.05 7
10.3 0.644 "Cambodia" 54.14 2
91.8 1.004 "Cambodia" 95.41 12
45.9 0.611 "Cambodia" 66.99 4
91.8 0.755 "Thailand" 87.55 17
26.1 0.348 "Thailand" 68.19 3
19.1 0.774 "Cambodia" 54.71 7
30.6 1.404 "Loas" 46.4 8
65.8 0.136 "Cambodia" 87.32 8
57.3 0.636 "Cambodia" 72.63 4
44.1 0.45 "Loas" 58.85 8
69.8 0.909 "Thailand" 79.42 11
57.1 0.195 "Cambodia" 75.09 9
57.4 1.011 "Loas" 57.49 16
58.4 0.176 "Loas" 70.06 16
28.3 0.507 "Cambodia" 69.2 7
18.5 0.535 "Cambodia" 64.55 1
70.4 0.718 "Thailand" 85.96 9
60.2 0.711 "Loas" 51.97 8
88 1.489 "Thailand" 92.43 18
88.7 0.956 "Loas" 86.16 22
71.1 0.541 "Thailand" 84.78 16
45.7 1.307 "Loas" 44.33 11
24.3 0.573 "Thailand" 66.31 4
45.7 1.04 "Thailand" 71.91 7
72.5 1.359 "Cambodia" 79.35 12
85.4 1.282 "Loas" 67.19 22
84.3 0.225 "Thailand" 90.04 13
76.9 0.519 "Loas" 74.38 16
26.4 0.843 "Loas" 38.64 5
14.1 0.631 "Thailand" 54.01 2
49.3 1.283 "Loas" 58.79 10
58.4 1.306 "Thailand" 70.79 7
17.9 1.054 "Loas" 44.62 4
88 0.801 "Cambodia" 92.85 15
23.3 1.221 "Loas" 45.02 5
85.6 0.165 "Loas" 78.02 16
20.5 0.466 "Cambodia" 50.19 4
64.3 0.378 "Cambodia" 89.03 9
74.3 1.243 "Loas" 68.14 22
72.7 1.28 "Loas" 77.91 16
65.2 1.266 "Thailand" 76.65 12
19.5 0.479 "Loas" 42.38 2
79.8 0.127 "Cambodia" 95.41 14
60.7 0.983 "Loas" 70.46 15
78.6 1.147 "Thailand" 82.46 9
23.9 0.808 "Cambodia" 57.72 4
10.8 0.61 "Cambodia" 51.53 5
36.5 0.534 "Thailand" 70.59 3
32.1 0.603 "Cambodia" 67.06 6
77.7 0.608 "Loas" 69.42 12
86.6 0.854 "Cambodia" 85.68 14
20.5 1.013 "Cambodia" 57.95 5
84.9 0.665 "Cambodia" 90.14 21
59.6 0.916 "Loas" 66.76 12
42.8 1.074 "Cambodia" 61.15 6
64.6 1.348 "Loas" 65.91 15
72.9 1.427 "Cambodia" 87.12 15
52.8 0.689 "Cambodia" 76.54 9
42.3 0.991 "Cambodia" 63.32 6
89.2 0.349 "Thailand" 87.15 14
14 0.212 "Loas" 46.53 3
22.6 0.892 "Loas" 53.85 11
67.1 1.244 "Loas" 58.83 15
69.7 1.164 "Thailand" 83.33 5
18.9 0.901 "Loas" 36.57 3
48.1 1.484 "Loas" 50.23 9
62.7 1.493 "Loas" 65.73 9
42.6 0.55 "Thailand" 64.48 9
91.2 0.341 "Cambodia" 89.31 18
65.7 0.621 "Thailand" 85.92 12
35.9 0.855 "Loas" 47.97 7
22.6 1.236 "Cambodia" 56.36 5
34.7 1.078 "Thailand" 64.04 6
17.8 1.36 "Loas" 36.61 8
12.2 1.113 "Cambodia" 55.85 3
35.5 0.457 "Loas" 51.13 9
70.9 0.532 "Cambodia" 83.72 12
88.7 1.146 "Loas" 80.04 14
44.1 0.387 "Cambodia" 71.64 2
52.8 0.5 "Loas" 62.11 9
15.5 1.358 "Thailand" 46.64 3
61.6 0.335 "Loas" 64.47 12
39 0.301 "Loas" 51.98 8
44.8 1.127 "Cambodia" 71.18 11
89 0.86 "Cambodia" 92.67 12
65.8 0.859 "Loas" 65.79 12
68.9 1.084 "Thailand" 80.66 8
24 1.012 "Loas" 35.28 11
26.7 1.166 "Thailand" 63.7 6
81.9 0.493 "Cambodia" 87.86 15
78.7 1.478 "Loas" 68.49 18
69.1 1.449 "Thailand" 75.95 19
33 0.139 "Thailand" 67.55 3
27.2 1.146 "Cambodia" 67.02 2
50.5 0.613 "Cambodia" 72.72 7
52.8 0.596 "Loas" 61.41 10
28 0.127 "Loas" 41.45 7
72.6 1.162 "Loas" 63.16 12
12 0.321 "Loas" 37.37 3
68.3 0.257 "Loas" 73.04 13
79 1.099 "Cambodia" 86.85 22
86.3 0.723 "Loas" 75.86 17
64.3 0.137 "Thailand" 79.43 8
32.1 1.388 "Thailand" 54.37 4
27.9 1.199 "Cambodia" 62.42 2
81.2 0.695 "Cambodia" 93.56 11
12 0.281 "Loas" 38.78 2
79.7 1.246 "Loas" 68.59 10
53 1.104 "Thailand" 69.62 11
45.7 0.677 "Loas" 51.32 8
86.4 0.345 "Thailand" 95.65 19
23.5 0.115 "Loas" 57.9 6
41.1 0.577 "Loas" 45.42 8
21.3 0.365 "Cambodia" 65.14 2
22.3 0.887 "Cambodia" 57.89 5
65.5 0.923 "Thailand" 78.37 11
56.1 0.494 "Cambodia" 77.2 5
48.7 1.396 "Cambodia" 69.6 8
76.5 1.086 "Loas" 69.75 12
88.9 0.487 "Loas" 90.06 23
52.3 1.101 "Cambodia" 74.4 5
67.7 0.952 "Loas" 71.14 8
24.8 0.672 "Thailand" 56.04 5
39.1 0.334 "Cambodia" 63.83 7
14.1 0.134 "Cambodia" 54.5 2
22.5 0.317 "Loas" 54.28 6
18.1 0.921 "Thailand" 58.59 4
33 0.406 "Loas" 53.03 6
41.8 0.162 "Loas" 53.22 10
62 1.38 "Thailand" 76.22 6
68 1.318 "Thailand" 80.98 13
36.7 1.257 "Thailand" 56.84 8
89.1 0.954 "Thailand" 96.26 19
67.1 1.113 "Cambodia" 73.42 8
23.2 1.216 "Loas" 47.86 8
40.3 1.315 "Loas" 52.12 10
34.8 1.08 "Thailand" 53.65 5
47.6 0.57 "Thailand" 78.66 6
77.5 0.797 "Thailand" 85.79 14
29.1 1.187 "Loas" 49.46 4
43 0.687 "Loas" 58.9 6
89.7 0.916 "Cambodia" 99.69 16
20.2 0.521 "Loas" 47.33 5
61.7 0.306 "Loas" 65.61 19
67.7 0.486 "Cambodia" 76.57 13
58.5 0.384 "Cambodia" 82.48 6
91.7 0.415 "Loas" 80.71 21
13.7 0.828 "Loas" 44.79 3
91.2 1.389 "Loas" 74.84 20
71.1 0.914 "Thailand" 82.07 7
45.8 0.466 "Cambodia" 69.44 5
22.5 0.624 "Thailand" 57.64 4
46.8 0.889 "Thailand" 65.36 9
25.3 0.323 "Cambodia" 60.56 7
45 1.039 "Thailand" 66.82 12
77.3 0.126 "Loas" 81.14 19
14.1 0.117 "Cambodia" 50.47 1
36.7 1.031 "Loas" 49.51 4
79.1 0.388 "Loas" 73.39 12
13.3 0.637 "Thailand" 53.22 8
74.9 0.323 "Loas" 67.15 12
88.9 1.092 "Cambodia" 91.69 12
64.2 0.961 "Cambodia" 78.76 12
10.7 0.185 "Thailand" 55.44 8
48.2 0.669 "Cambodia" 76.68 9
68.8 0.247 "Cambodia" 89.43 11
12.3 0.664 "Cambodia" 57.34 3
79.3 0.738 "Cambodia" 90.04 11
71.2 0.975 "Thailand" 82.15 6
31.7 0.21 "Thailand" 62.06 7
71.2 0.579 "Cambodia" 85.46 13
65.1 0.133 "Thailand" 77.74 7
24.1 0.578 "Thailand" 58.87 4
64.9 1.197 "Cambodia" 84.6 8
86.3 1.138 "Thailand" 89.5 14
79.8 1.243 "Cambodia" 83.36 8
74 0.178 "Thailand" 83.48 18
66.2 0.312 "Cambodia" 85.07 7
58.5 1.014 "Loas" 66.42 5
43.1 0.65 "Loas" 56.98 6
20.5 0.357 "Loas" 49.2 6
77.3 0.28 "Thailand" 90.96 9
68.8 0.28 "Loas" 67.96 15
74.6 0.974 "Loas" 68.95 12
11.5 0.803 "Loas" 36.07 1
24.3 0.783 "Loas" 52.37 5
59.1 1.322 "Cambodia" 70.1 2
16.6 0.369 "Cambodia" 60.03 6
68 1.164 "Thailand" 82.34 6
56.2 0.407 "Loas" 60.12 8
33.2 0.319 "Loas" 54.13 7
42.1 0.302 "Cambodia" 68.93 3
65.2 1.341 "Thailand" 81.64 10
23.3 1.036 "Loas" 44.19 9
18.9 0.74 "Thailand" 57.18 3
53.7 1.102 "Cambodia" 75.32 8
18.5 1.09 "Thailand" 60.28 3
17.7 1.005 "Loas" 41.26 9
62.5 1.382 "Cambodia" 72.93 11
56.3 0.38 "Loas" 56.83 17
35.1 0.709 "Loas" 46.32 4
31.8 0.152 "Loas" 53.91 3
61.9 0.32 "Thailand" 81.95 7
78.1 1.083 "Loas" 65.88 27
14.2 1.136 "Thailand" 51.49 3
91.4 0.702 "Loas" 78.09 20
11.8 0.591 "Loas" 45.6 3
24.7 0.778 "Thailand" 69.42 6
37 0.133 "Thailand" 75.81 7
80.1 1.289 "Loas" 73.12 17
25.1 1.014 "Thailand" 66.57 7
75.2 0.36 "Loas" 67.77 20
80.4 0.866 "Thailand" 95.71 11
48.7 1.323 "Thailand" 69.69 9
63.2 0.421 "Loas" 60.4 14
36.7 0.576 "Loas" 40.62 7
48.2 1.187 "Cambodia" 74.32 4
87.3 0.433 "Thailand" 86 12
30.1 0.207 "Cambodia" 61.54 2
11.8 0.686 "Loas" 39.43 1
89.3 0.379 "Thailand" 96.84 14
31.3 1.012 "Thailand" 66.31 4
63.6 0.97 "Loas" 61.9 15
16.2 0.685 "Loas" 40.24 5
89.5 0.308 "Cambodia" 90.75 9
85.3 0.357 "Cambodia" 93.06 20
81.2 0.696 "Loas" 74.12 9
44.8 0.645 "Loas" 59.32 13
74 0.18 "Cambodia" 82.29 10
34.6 0.108 "Loas" 44.46 3
33.7 1.336 "Thailand" 71.47 2
91.9 0.528 "Thailand" 87.26 21
90.9 1.447 "Loas" 75.77 23
49.4 1.046 "Cambodia" 64.08 12
72.5 1.296 "Loas" 68.55 13
36.9 0.706 "Cambodia" 64.67 6
29.4 1.396 "Loas" 39.21 4
60.7 1.156 "Cambodia" 70.58 10
37.9 0.488 "Thailand" 64.32 3
14.8 1.061 "Thailand" 55.2 3
90.5 1.39 "Loas" 74.8 30
66.4 1.137 "Thailand" 75.13 10
80.7 1.042 "Cambodia" 86.59 23
47.9 1.142 "Thailand" 65.7 7
20.3 0.259 "Cambodia" 55.75 3
65.8 0.157 "Loas" 59.55 18
11.6 0.622 "Loas" 36.55 2
23.4 0.802 "Cambodia" 53.82 2
83.5 1.431 "Cambodia" 90.21 10
22.6 1.428 "Cambodia" 67.73 6
31.2 1.002 "Thailand" 67.09 9
30 0.542 "Thailand" 61.22 3
35.6 0.845 "Loas" 54.03 5
28.1 1.045 "Loas" 49.68 10
12.5 1.3 "Thailand" 57.32 5
84 0.88 "Loas" 81.98 18
88.7 0.232 "Loas" 76.48 28
87.3 1.096 "Thailand" 93.41 17
47.2 1.269 "Loas" 55.27 5
45.9 0.65 "Cambodia" 63.91 9
14.1 0.373 "Thailand" 54.78 5
39.5 0.462 "Cambodia" 68.83 8
83.5 0.152 "Loas" 72.09 15
40.4 0.84 "Cambodia" 72.3 9
51.3 0.927 "Thailand" 77.83 8
53.3 0.915 "Thailand" 81.8 7
24 1.356 "Thailand" 68.43 7
54.2 0.697 "Thailand" 73.82 8
19.1 0.433 "Cambodia" 58.2 3
60.4 0.818 "Cambodia" 80.99 7
54.7 0.193 "Cambodia" 73.12 8
28.7 1.023 "Thailand" 69.77 8
83.9 1.128 "Loas" 72.99 27
26.3 0.406 "Thailand" 62.27 3
44.6 0.366 "Loas" 52.57 14
82.5 1.322 "Cambodia" 94.28 13
29.5 0.509 "Thailand" 61.64 3
33.9 1.481 "Thailand" 63.1 6
81.9 1.121 "Loas" 74.67 21
60.8 1.402 "Loas" 69.41 13
80.3 1.152 "Loas" 78.25 21
49.1 0.555 "Loas" 62.41 7
83.3 0.626 "Thailand" 87.93 13
23.9 0.148 "Cambodia" 62.79 4
60.9 1.353 "Thailand" 83.31 9
69.3 0.83 "Loas" 68.31 15
25.6 0.583 "Cambodia" 58.7 5
56.6 1.235 "Thailand" 82.62 9
65.1 1.209 "Thailand" 82.74 8
85.4 1.194 "Thailand" 94.16 12
36.7 0.845 "Cambodia" 68.63 3
54.8 0.253 "Cambodia" 71.19 9
10.4 1.344 "Cambodia" 50.22 3
40.3 0.286 "Cambodia" 68.77 6
62.3 1.262 "Thailand" 86.98 9
60 0.874 "Loas" 60.99 10
77.1 0.88 "Loas" 67.64 21
