CA1Quiz
9.11666
15.45
11.08333
17
13.5
14.45
15.95833
18.16666
8.275
5.65
8.8
10.75
9
15.44166
10.26666
13.4
17.5
12.86666
7.7
15.11666
9.275
11.86666
5.65
15.5
14.75
11.65
8.83333
11.6
11.15
16.8
7.51666
14.2
7.98333
13.5
12.36666
11.35
18.1
11.8
10
10.26666
12.96666
6.75
4.66666
15.7
13.15
12.66666
9
14.25
14.39166
8.75
12
11.28333
11.24166
12.6
13.4
8.75
9.36666
14.5
13.29166
11.76666
9.59166
12.29166
9.44166
6.03333
9.95833
8.41666
14.15
10.55
12.1
10.81666
5.5
12.9
13.36666
4.9
10.825
15.7
13.15
8.65
16.9
13.15833
18.1
12
8.2
12.11666
19.5
9.19166
13.5
16.25
6.2
12.65
18.5
4.85
11.73333
12.4
17.55
7.86666
13.25
11.43333
5.45
14.43333
10.76666
16.5
16
6.45
12.81666
6.4
6.16666
18
18.66666
7.1
17.5
14.85
17
9.5
0
12
0
18.01666
8.9
11.5
9.9
13.23333
8.9
19.3
18.2
15.7
7.5
12
8.58333
14.3
13.7
14.56666
5.9
14.16666
12.16666
7.99166
8.375
14.91666
13.8
9.45
6.86666
8.775
13.7
6.7
